-0.649425	0.063247	-0.064700	0.044519	-0.114269	
-0.134784	0.159778	-0.145695	-2.354659	0.148410	
-1.356760	-0.194976	0.209216	-1.493718	0.592585	
-1.137290	-0.009470	0.025049	-2.141536	0.395329	
-1.170427	0.963890	-0.974812	-0.880770	-1.465236	
-0.407636	0.060418	-0.043749	-2.466804	0.335402	
-0.978158	0.003648	-0.017507	1.916921	-0.345743	
0.765382	-1.211201	1.228315	0.635624	1.924648	
-0.028545	1.003327	-1.021967	0.093683	-1.704207	
-0.515952	1.035814	-1.047315	-0.979347	-1.568750	
-1.512339	1.221282	-1.255340	1.693934	-2.354316	
-0.513524	0.388876	-0.394114	-0.239735	-0.611622	
0.431032	0.776049	-0.804421	2.011721	-1.661727	
0.473517	0.968768	-0.985834	-0.039073	-1.622559	
-0.192964	0.006145	-0.015592	1.297612	-0.240224	
-0.608899	0.134326	-0.120656	-2.233881	0.169824	
-0.413070	0.660808	-0.672220	-0.058471	-1.101130	
-1.244827	1.111074	-1.133199	0.309930	-1.923750	
-0.693612	0.075618	-0.084917	1.104072	-0.322792	
-0.373564	-0.469866	0.475280	0.416824	0.716475	
0.220087	0.976062	-0.980709	-1.783028	-1.325863	
1.542533	-0.045592	0.037293	1.266707	-0.147728	
-1.344187	-0.758540	0.763905	1.142056	1.073546	
0.889321	-0.821766	0.827848	1.199590	1.169698	
0.533599	-0.488849	0.492364	0.728012	0.693274	
-0.630513	-0.554497	0.557963	0.898069	0.773567	
-1.390987	-0.629181	0.633987	0.897769	0.899240	
0.712139	-0.687427	0.705998	-0.870159	1.310422	
0.948897	0.278039	-0.279563	-0.480158	-0.382600	
-0.925326	0.768741	-0.787592	0.706718	-1.418237	
1.143098	-0.321956	0.326943	0.108178	0.522369	
-0.251337	-0.601928	0.608965	0.520059	0.920317	
0.253860	0.101648	-0.099503	-0.550993	-0.073358	
-0.488642	1.201282	-1.232961	1.413127	-2.270927	
-1.879112	0.369110	-0.373897	-0.253309	-0.575971	
-0.585261	-0.762499	0.778354	-0.305808	1.336712	
0.108974	-0.693797	0.708765	-0.353565	1.229615	
0.790638	1.370576	-1.381402	-1.906067	-1.967643	
1.292122	-0.878657	0.885513	1.233683	1.259351	
-1.392005	0.765080	-0.772493	-0.873658	-1.132095	
-0.876593	0.847583	-0.860539	-0.308705	-1.370956	
0.218211	0.700801	-0.700655	-1.764215	-0.866204	
-0.005114	-0.755032	0.758680	1.371804	1.026941	
1.348477	0.198325	-0.207237	0.745034	-0.465577	
1.476775	-0.215793	0.213130	0.907058	0.202270	
0.329098	-0.494343	0.498677	0.627922	0.720248	
-1.841964	-0.594391	0.610058	-0.698253	1.123478	
-0.388752	0.746098	-0.743567	-2.208258	-0.863725	
-1.284406	0.124390	-0.109553	-2.371385	0.210896	
0.083406	0.412893	-0.416888	-0.472226	-0.610830	
0.994796	0.384554	-0.399622	1.137158	-0.848287	
0.919348	-0.125794	0.141565	-1.878745	0.544431	
-0.573776	-0.412527	0.417139	0.385540	0.625572	
0.215084	0.926137	-0.954686	1.662848	-1.852370	
1.252635	-0.603829	0.607831	0.946497	0.847965	
-0.594472	-0.417121	0.420875	0.516245	0.610144	
-0.074963	0.904744	-0.907146	-1.917550	-1.182073	
0.351121	0.748197	-0.761086	-0.070613	-1.245967	
0.512624	0.157388	-0.166556	0.882321	-0.421044	
-1.614453	-0.435930	0.438850	0.678997	0.612947	
-1.023007	0.859957	-0.865594	-1.356531	-1.206132	
0.877829	-0.433475	0.452381	-1.548776	1.003496	
-0.509723	0.438368	-0.440331	-0.817910	-0.592437	
2.085697	-0.358009	0.372795	-1.163976	0.808389	
-0.800700	-0.529977	0.535597	0.537828	0.796146	
0.297361	-0.114087	0.128063	-1.658424	0.485707	
-0.634039	-0.636080	0.651984	-0.627324	1.181034	
0.219619	0.719171	-0.726082	-0.829254	-1.062743	
0.303164	0.821013	-0.823055	-1.759219	-1.069287	
-0.461247	-0.342328	0.345627	0.393394	0.506105	
-2.432664	0.474662	-0.478905	-0.591444	-0.693605	
0.121324	0.349626	-0.365087	1.278453	-0.814571	
-0.003804	1.120230	-1.131937	-1.160624	-1.678622	
0.330999	0.776752	-0.781382	-1.289474	-1.078060	
-0.321861	-0.867705	0.884668	-0.198067	1.494582	
1.903834	0.412315	-0.437626	2.491400	-1.134904	
0.966284	-0.109954	0.097324	2.028771	-0.174480	
-1.554976	0.031673	-0.016924	-2.128534	0.323823	
-0.028482	0.342678	-0.343259	-0.772042	-0.439612	
-0.146445	0.031753	-0.015468	-2.342077	0.361520	
-0.081454	-0.630366	0.634229	1.031770	0.877493	
-1.320841	0.530222	-0.541421	0.236897	-0.933810	
-1.086795	-0.142765	0.158353	-1.810975	0.560970	
-0.968337	0.517045	-0.527960	0.230188	-0.910458	
1.597821	-0.429957	0.444384	-0.934925	0.888828	
-0.579273	1.066191	-1.074381	-1.514921	-1.524959	
-0.822366	0.394979	-0.411601	1.327107	-0.899475	
-0.836370	-0.646090	0.661304	-0.506481	1.176462	
-2.253723	-0.623654	0.640797	-0.830429	1.196116	
0.639046	-0.921382	0.936838	0.144897	1.524108	
-1.507497	-0.534295	0.539095	0.662540	0.781314	
-1.017548	0.317109	-0.323933	0.159195	-0.561586	
0.494546	-0.387125	0.388919	0.714049	0.524646	
-0.858964	0.605965	-0.611012	-0.806558	-0.876349	
-0.054208	0.495906	-0.505051	0.036852	-0.840650	
1.575589	0.711098	-0.715166	-1.204120	-0.982750	
0.756061	-0.520230	0.537009	-1.037229	1.058792	
0.542656	-0.922127	0.928218	1.448308	1.294445	
-0.902215	-0.829294	0.836132	1.113371	1.197636	
-1.701226	-0.895641	0.902407	1.288478	1.278210	
-1.361326	-0.317267	0.334636	-1.624249	0.821404	
-0.184632	-0.493234	0.511019	-1.244255	1.050063	
0.805434	0.418767	-0.401914	-3.384085	-0.104837	
0.685162	0.670873	-0.682382	-0.070020	-1.116012	
0.513012	-0.519157	0.534465	-0.835428	1.021236	
-0.958092	0.722306	-0.751687	2.285708	-1.619871	
-0.058515	-0.732766	0.748737	-0.396040	1.302686	
-0.272819	0.820097	-0.838097	0.460675	-1.461029	
-0.962414	0.071095	-0.065818	-0.910318	0.041691	
-0.295308	0.846476	-0.869230	1.055700	-1.610816	
0.067955	1.022712	-1.048502	1.039128	-1.904311	
-0.487739	-0.707133	0.713108	0.929254	1.024777	
-1.190935	-0.222471	0.238747	-1.708157	0.676822	
-1.082059	-0.759141	0.776691	-0.549793	1.374289	
-0.908038	-0.636470	0.639479	1.165651	0.864042	
1.089188	-0.532541	0.536314	0.800884	0.753854	
0.649809	1.093297	-1.105068	-1.084788	-1.646757	
-0.809188	-0.530035	0.545557	-0.838029	1.039995	
-0.211026	-1.088770	1.105374	0.401963	1.760114	
0.483479	-0.679597	0.695905	-0.575129	1.244984	
-2.027862	-0.562003	0.575898	-0.532462	1.039629	
-0.733507	-0.270745	0.270527	0.704067	0.330663	
-0.550366	-0.859037	0.865942	1.178096	1.236198	
-0.384447	-0.693327	0.714351	-1.196428	1.378148	
-0.188274	-0.801471	0.808108	1.072110	1.158147	
-0.321631	-0.570728	0.586291	-0.742530	1.091521	
1.118175	-0.249361	0.265006	-1.553680	0.694684	
-1.176747	-0.358629	0.362279	0.385105	0.534992	
0.409152	-1.020078	1.027930	1.447088	1.459414	
-0.105219	0.239171	-0.236276	-0.997518	-0.225566	
-0.274680	0.859799	-0.879259	0.564743	-1.546246	
-0.448910	0.624062	-0.648500	1.843229	-1.376232	
-0.077643	-1.222993	1.229468	2.143439	1.677353	
-1.335341	1.013359	-1.032353	0.117922	-1.725375	
-0.777524	-0.842706	0.849497	1.153331	1.213116	
0.095247	0.324440	-0.346757	2.294058	-0.952135	
0.056212	0.752594	-0.759926	-0.853835	-1.114606	
-0.509168	0.302894	-0.307855	-0.064309	-0.498079	
-0.385139	-0.414843	0.427409	-0.713962	0.824259	
0.442001	1.197487	-1.221801	0.399084	-2.084892	
-0.015030	0.883127	-0.893120	-0.808899	-1.342125	
-0.452635	0.884289	-0.892823	-1.014512	-1.307652	
1.699825	0.730221	-0.735349	-1.104342	-1.032593	
1.001761	0.330670	-0.332013	-0.636247	-0.443473	
1.577996	-0.699465	0.706639	0.743456	1.044796	
-0.384850	-0.633646	0.648493	-0.486486	1.151988	
-2.016963	-0.282339	0.297430	-1.394605	0.721970	
0.126985	-0.254758	0.268867	-1.326793	0.663566	
1.786830	-0.387861	0.391795	0.418434	0.578256	
0.563098	0.927544	-0.960067	2.211544	-1.951945	
0.445486	1.168082	-1.193076	0.566749	-2.065137	
0.655356	-0.020169	0.034494	-1.940438	0.377699	
0.372630	0.120998	-0.121656	-0.209595	-0.166387	
0.165984	0.538402	-0.533533	-2.016344	-0.548378	
-1.251750	-0.709098	0.724524	-0.379128	1.259881	
0.274911	0.938727	-0.962646	0.988021	-1.753993	
0.706132	-0.107303	0.121742	-1.739502	0.488661	
2.614292	-0.123773	0.127142	-0.160304	0.236587	
0.856925	-0.767320	0.782249	-0.165223	1.319915	
-0.365374	-0.480061	0.483369	0.734819	0.677286	
1.272760	-0.055112	0.053016	0.428403	0.016802	
-0.901360	0.456733	-0.463144	-0.245547	-0.724729	
-0.250573	0.704109	-0.707552	-1.273532	-0.958697	
1.332617	-0.458520	0.474683	-1.105174	0.967034	
1.036409	-0.602897	0.617675	-0.553414	1.112126	
-0.573709	0.761319	-0.770193	-0.661246	-1.163401	
1.776174	-1.122402	1.130467	1.672137	1.591654	
-1.569615	-0.727405	0.733228	1.000905	1.046182	
-0.009934	0.913299	-0.912506	-2.382836	-1.114030	
0.435731	-0.847604	0.862396	0.053535	1.416197	
0.900884	0.134972	-0.133450	-0.547377	-0.130050	
2.381812	0.508255	-0.494574	-3.165952	-0.294002	
1.025974	0.882598	-0.909991	1.610489	-1.769861	
0.003100	0.407973	-0.434765	2.708069	-1.165986	
-1.279427	0.042510	-0.026016	-2.397930	0.353322	
-1.465973	-0.532298	0.538486	0.464723	0.813001	
1.181088	-0.154271	0.144878	1.689173	-0.039773	
-1.288673	-0.851324	0.859412	0.994501	1.255750	
-2.421774	-0.546641	0.561268	-0.672517	1.038602	
-1.263138	0.638078	-0.651786	0.317148	-1.129443	
0.639509	0.905207	-0.909729	-1.624069	-1.234846	
1.187342	-0.177978	0.182320	-0.160413	0.327781	
0.581587	0.523161	-0.554117	3.000183	-1.411485	
2.254950	-0.970604	0.976359	1.615510	1.346362	
-0.348029	0.534989	-0.539965	-0.639687	-0.786529	
-1.168872	-0.660398	0.664427	1.083518	0.918840	
0.196256	-0.856926	0.862765	1.320892	1.207348	
-0.421841	-0.974116	0.988828	0.379558	1.571233	
0.253339	-0.177459	0.180355	0.039179	0.291548	
0.088287	-0.516575	0.520308	0.766770	0.733043	
-0.663661	1.020105	-1.051121	1.771759	-2.029722	
1.020973	-0.940335	0.946347	1.504442	1.315125	
0.148159	-0.318087	0.317277	0.904124	0.374849	
-0.354276	-0.614671	0.620581	0.708179	0.908421	
-1.346140	-1.039065	1.045984	1.624005	1.460008	
0.021303	-0.306015	0.321311	-1.364138	0.756397	
-0.762191	-0.076853	0.092420	-1.972045	0.478642	
-1.401644	-0.499094	0.505011	0.419678	0.765132	
0.482014	0.559065	-0.561760	-1.016634	-0.760245	
1.331983	0.955479	-0.967602	-0.692932	-1.484368	
1.445249	-0.940857	0.947143	1.467744	1.322505	
1.240258	-0.578373	0.584723	0.556760	0.874194	
0.838906	-0.302974	0.307273	0.156492	0.481882	
-0.154078	1.360569	-1.414051	4.046639	-3.005411	
0.960227	0.539932	-0.540759	-1.228558	-0.690518	
1.390067	0.714774	-0.736799	1.282144	-1.429408	
0.325379	-0.807547	0.812931	1.261338	1.134844	
0.894863	1.161156	-1.175116	-0.949355	-1.784890	
1.181599	-0.728270	0.734438	0.955113	1.055750	
-0.630130	0.592312	-0.605596	0.372142	-1.062207	
-0.635974	0.868581	-0.880309	-0.531582	-1.366789	
1.530011	-0.287173	0.302846	-1.463444	0.742297	
-0.478171	-0.379992	0.381720	0.705452	0.514172	
0.173794	-0.792833	0.797447	1.331600	1.097646	
-0.217302	-0.493839	0.499597	0.428684	0.754697	
0.347053	0.891911	-0.900944	-0.964095	-1.329405	
-1.207342	-0.933118	0.950330	-0.069982	1.581916	
-0.972833	-0.262870	0.266224	0.187955	0.408852	
-0.738043	0.582583	-0.590010	-0.417541	-0.905939	
0.477841	0.598523	-0.607896	-0.186835	-0.973624	
0.574890	-1.033261	1.041043	1.489684	1.474043	
0.213077	-0.557787	0.573714	-0.825389	1.084434	
-0.067531	-0.041365	0.044630	-0.350715	0.131710	
0.201847	0.127148	-0.131974	0.354197	-0.276616	
-0.171071	0.676157	-0.690232	0.273412	-1.185744	
-1.732270	0.131552	-0.133704	-0.028405	-0.216240	
0.983692	1.096589	-1.100817	-2.141208	-1.465135	
-1.391550	0.790446	-0.799841	-0.661371	-1.212371	
0.474914	-0.102272	0.105319	-0.168837	0.201935	
1.596032	0.543883	-0.552170	-0.201751	-0.879075	
-0.574366	-1.034170	1.041517	1.552359	1.464467	
1.035386	0.086551	-0.070461	-2.451345	0.288708	
0.273410	-0.448371	0.463885	-1.040184	0.938449	
-2.506367	-0.142505	0.159525	-2.010617	0.595903	
-0.415688	0.582487	-0.590616	-0.319836	-0.923088	
-0.334646	0.363963	-0.362636	-1.090150	-0.419057	
-0.079309	0.611349	-0.617755	-0.630951	-0.916516	
-0.297812	-1.260377	1.267607	2.131600	1.742331	
0.934382	0.729056	-0.737397	-0.655012	-1.110238	
-0.832597	1.222612	-1.260562	2.231434	-2.451779	
-0.801437	-0.649521	0.655135	0.836037	0.944388	
-1.021386	0.915783	-0.923533	-1.201801	-1.327444	
-1.644426	-0.678449	0.694860	-0.592345	1.246103	
-0.455503	-0.060939	0.076570	-2.020610	0.460477	
1.438089	0.166798	-0.169094	-0.096019	-0.263546	
-1.160965	0.388109	-0.408174	1.822538	-0.975692	
0.665246	0.303799	-0.305619	-0.503133	-0.421858	
0.477341	0.698394	-0.702487	-1.169097	-0.967587	
0.027013	-0.303717	0.308225	0.129250	0.487958	
-1.435449	-0.521095	0.539137	-1.210583	1.090960	
1.539951	-0.183115	0.189955	-0.495019	0.395700	
1.606978	1.167769	-1.202542	1.926412	-2.305493	
1.230632	0.861578	-0.889031	1.671172	-1.745257	
0.588355	-0.299338	0.316151	-1.591642	0.785471	
0.306658	-0.144972	0.159497	-1.657824	0.537550	
0.620849	0.732889	-0.742348	-0.509202	-1.142517	
-0.893692	-1.070380	1.085613	0.546568	1.703562	
-0.993790	0.710733	-0.716620	-0.950576	-1.027056	
-2.209834	0.892202	-0.900760	-1.030731	-1.318088	
1.538148	1.369142	-1.396836	0.441585	-2.381148	
-1.194892	-0.766199	0.781641	-0.239365	1.331164	
0.426635	-0.182114	0.177632	1.075983	0.115694	
-0.424399	-0.881544	0.889700	1.060152	1.294949	
0.671408	-0.846618	0.853804	1.108092	1.227710	
0.229003	-0.649599	0.665452	-0.586573	1.196554	
2.044632	-0.750431	0.755477	1.166128	1.055641	
0.956006	0.010591	-0.015854	0.705038	-0.142721	
-0.426492	0.702147	-0.704658	-1.398350	-0.933285	
-0.323304	-1.029659	1.034685	1.863736	1.401716	
-2.099301	-0.977373	0.983205	1.621649	1.356658	
-0.471869	0.010582	-0.016594	0.809057	-0.161135	
-0.685158	1.078008	-1.111841	2.019105	-2.170936	
0.529980	0.824229	-0.852333	1.854584	-1.714928	
-0.320877	-0.003583	0.008676	-0.698888	0.129844	
-0.794990	1.078823	-1.091815	-0.879124	-1.658847	
-0.844754	-0.170255	0.185794	-1.735771	0.593885	
1.405334	-0.622157	0.627060	0.866767	0.892917	
-1.330824	0.011107	-0.023138	1.644303	-0.309992	
0.718935	0.737265	-0.744857	-0.779579	-1.101977	
-1.290493	0.204618	-0.213824	0.770098	-0.480604	
0.329414	-0.226255	0.242164	-1.647751	0.672485	
0.111093	-0.772930	0.776780	1.388225	1.054136	
1.223227	-0.517553	0.532357	-0.769416	1.006843	
-1.718964	-0.305547	0.320412	-1.305522	0.745224	
-1.314459	-0.770050	0.777340	0.903129	1.135233	
-0.272161	0.814771	-0.821957	-1.028904	-1.188173	
-0.001605	0.380309	-0.381293	-0.809585	-0.496256	
0.280791	0.337485	-0.336695	-0.949640	-0.399414	
0.683423	-0.263163	0.279109	-1.561166	0.719224	
-1.388274	0.458035	-0.464448	-0.248607	-0.726378	
1.082007	-0.633046	0.639533	0.673903	0.945402	
0.468613	0.385122	-0.391823	-0.027064	-0.642985	
-0.192124	-0.896829	0.902509	1.442306	1.252956	
-0.118856	0.567736	-0.589551	1.618783	-1.241729	
-0.110531	0.623529	-0.628462	-0.866155	-0.895335	
0.963304	-0.438962	0.443292	0.490535	0.651436	
-0.210823	-0.974123	0.980634	1.519283	1.369328	
-0.420340	-0.717845	0.724484	0.863555	1.054435	
0.413893	-0.714658	0.719091	1.162300	0.996148	
-0.376461	-0.237986	0.253344	-1.542122	0.673502	
-0.198371	0.483388	-0.486722	-0.739497	-0.682053	
-1.005964	-0.855060	0.861879	1.180177	1.229140	
0.979724	0.423252	-0.430229	-0.083675	-0.697091	
-1.898437	1.060443	-1.065634	-1.917384	-1.443990	
1.124739	-0.607004	0.610231	1.061929	0.832854	
-0.386144	-0.499196	0.514024	-0.818554	0.984671	
-1.082995	0.556369	-0.555218	-1.544357	-0.662217	
-1.105632	-0.353662	0.369686	-1.346873	0.833480	
1.984976	0.721559	-0.731981	-0.347282	-1.152147	
1.717568	-0.247741	0.255646	-0.482112	0.502116	
-0.439856	-0.804118	0.819909	-0.193572	1.386831	
0.106979	0.120507	-0.105934	-2.324981	0.209207	
-1.739039	0.463405	-0.475214	0.488010	-0.865911	
1.310050	0.704489	-0.709880	-1.003856	-1.007114	
-1.440492	-0.196046	0.198940	0.085684	0.314572	
-0.036865	1.260100	-1.270705	-1.661871	-1.825084	
0.449774	0.183857	-0.171099	-2.230456	0.085904	
-1.027339	0.414252	-0.428836	0.995939	-0.873221	
-1.386264	-0.432482	0.448931	-1.209655	0.941747	
-0.087724	0.496901	-0.518067	1.704879	-1.137837	
1.363152	0.421601	-0.429030	-0.016828	-0.706158	
-1.156789	0.975353	-0.998029	0.724225	-1.768863	
0.035924	-0.118234	0.132352	-1.667648	0.494317	
1.212693	0.916409	-0.924690	-1.129626	-1.341286	
-1.894672	1.001350	-1.009811	-1.315913	-1.451153	
-0.519341	0.104771	-0.103432	-0.446760	-0.097076	
1.026028	0.343681	-0.342278	-1.050095	-0.392038	
0.550633	-0.613027	0.628050	-0.562384	1.130753	
0.338305	0.740811	-0.761535	1.036568	-1.429696	
-0.606842	-0.178485	0.180234	0.201099	0.264587	
0.602665	1.095021	-1.104481	-1.410233	-1.591999	
0.116456	0.694615	-0.713833	0.942239	-1.335282	
1.564403	0.597202	-0.591954	-2.215471	-0.612003	
-0.059346	1.005589	-1.015060	-1.186201	-1.481264	
-0.307499	0.602449	-0.608429	-0.667967	-0.894988	
0.597973	-0.396537	0.399660	0.552828	0.569040	
0.234900	-0.817585	0.824640	1.053991	1.188461	
0.284506	-0.595136	0.600396	0.749894	0.868173	
0.785846	-0.750171	0.757220	0.887210	1.104617	
-0.248149	0.638198	-0.661268	1.617953	-1.360099	
-1.694775	0.908114	-0.913065	-1.571729	-1.249009	
-0.514185	0.823961	-0.835882	-0.393819	-1.316144	
-0.684590	0.448848	-0.454376	-0.348755	-0.693182	
-2.373301	-0.606491	0.622078	-0.656880	1.136502	
0.276896	-0.589492	0.605930	-0.817402	1.136348	
-0.624198	0.721666	-0.741985	1.027860	-1.395952	
0.378400	-0.596788	0.602274	0.722688	0.875772	
0.035769	-0.478306	0.495661	-1.221579	1.020936	
0.102860	-0.738337	0.743960	1.055850	1.054836	
-0.191079	0.194369	-0.177868	-2.776791	0.165013	
-1.903759	-0.334393	0.338603	0.246969	0.518699	
1.599193	0.479510	-0.484468	-0.504250	-0.717208	
0.202352	0.633752	-0.652754	1.063611	-1.254412	
-0.132423	0.086372	-0.086572	-0.187098	-0.112131	
-0.472891	0.547330	-0.555277	-0.257640	-0.874972	
-0.247221	-0.762335	0.768235	1.077123	1.091432	
1.150641	1.000431	-1.008637	-1.349107	-1.443728	
-0.577308	-0.225333	0.225960	0.473653	0.295100	
-1.351513	-0.301399	0.305859	0.130233	0.483885	
0.081156	-0.311482	0.310060	0.972817	0.351571	
-1.912335	0.327151	-0.355720	3.156027	-1.109404	
0.281527	-1.361398	1.378235	1.047810	2.104257	
0.637439	0.744887	-0.755295	-0.407166	-1.180775	
-0.928452	0.107916	-0.108521	-0.184521	-0.148827	
-0.964394	0.191410	-0.192059	-0.386031	-0.253563	
1.511886	0.321568	-0.319074	-1.146775	-0.337716	
-0.023957	0.217082	-0.202453	-2.573190	0.090739	
1.381600	-0.878159	0.883778	1.404318	1.228282	
-0.171631	0.868479	-0.886949	0.405708	-1.532669	
0.857957	-0.229912	0.244766	-1.492137	0.651067	
1.186952	0.044607	-0.059282	1.928434	-0.416677	
1.077048	-0.349355	0.351816	0.527325	0.494198	
-1.677663	0.510772	-0.496488	-3.256080	-0.282269	
-0.854262	-0.762605	0.778254	-0.276933	1.331775	
0.029023	-0.791514	0.807374	-0.234536	1.372888	
-0.211021	0.882278	-0.881741	-2.270227	-1.081804	
0.142289	0.538435	-0.540987	-0.985176	-0.731119	
-1.232365	-0.553058	0.557231	0.796248	0.789185	
-0.575457	0.545390	-0.551053	-0.570171	-0.816341	
-2.111289	0.925460	-0.941287	-0.103409	-1.538316	
-0.081925	-0.469389	0.472435	0.744746	0.657578	
1.057002	-0.578599	0.582770	0.860206	0.820815	
-1.327816	1.295756	-1.304337	-2.031930	-1.819497	
-1.075503	0.079136	-0.083623	0.426591	-0.208684	
-0.691616	0.222405	-0.226731	0.047684	-0.382536	
-1.570131	-0.325149	0.325156	0.808075	0.403744	
-0.998680	-0.750466	0.753899	1.390332	1.015978	
1.674693	0.566029	-0.584423	1.147783	-1.155413	
-0.637117	1.052911	-1.056067	-2.181507	-1.384529	
-0.281627	0.993695	-1.002028	-1.314626	-1.438505	
0.168191	0.791825	-0.800009	-0.833086	-1.184268	
0.094063	-0.926792	0.942989	0.055371	1.549067	
-1.414430	-0.832960	0.852872	-0.694381	1.524070	
-0.579106	-0.033188	0.036826	-0.422992	0.130761	
2.101151	0.313826	-0.298397	-2.925052	-0.009648	
-0.258248	-1.066759	1.082868	0.415830	1.720633	
-0.340695	-0.640374	0.654911	-0.426626	1.152701	
0.923535	-0.826404	0.830827	1.441817	1.134586	
-2.329636	-1.210491	1.219318	1.785531	1.719733	
1.124103	-0.493450	0.499417	0.398598	0.759372	
0.817155	-0.026005	0.023872	0.361152	-0.020242	
0.327343	-1.185531	1.202219	0.631028	1.882285	
1.073641	-0.803047	0.820279	-0.396408	1.420965	
-1.541251	0.416318	-0.430903	0.990883	-0.875800	
-0.730912	-0.627809	0.633414	0.783241	0.917222	
-0.254202	-0.324656	0.318434	1.672553	0.249761	
0.070527	-0.749112	0.764298	-0.246210	1.303637	
1.775238	-0.736220	0.741858	1.048542	1.052569	
-0.404749	0.365391	-0.378705	0.941038	-0.781310	
0.365228	-0.329222	0.331188	0.545907	0.457041	
-1.055486	-0.925547	0.930163	1.661704	1.262391	
-0.465518	-0.275924	0.279557	0.181742	0.431910	
0.272157	-0.653722	0.660013	0.752556	0.966245	
0.438082	-0.838650	0.845320	1.160011	1.205110	
0.441142	0.522058	-0.550141	2.603568	-1.339365	
1.109974	-0.527200	0.534390	0.312719	0.831356	
-0.292029	-0.738369	0.755506	-0.544011	1.338326	
1.555698	1.796524	-1.808324	-2.830595	-2.520301	
-0.588270	-0.625149	0.629898	0.895690	0.892827	
0.902337	0.156294	-0.167759	1.204288	-0.476244	
0.205092	0.347432	-0.359785	0.852105	-0.735347	
-1.001817	1.150531	-1.184689	1.883793	-2.268948	
-0.555507	-0.233592	0.250168	-1.722293	0.698031	
0.396586	-0.835571	0.843190	1.020526	1.224643	
0.344536	-0.988955	1.006365	0.041391	1.656103	
0.665691	0.340739	-0.344177	-0.370108	-0.507558	
0.188214	1.202691	-1.207559	-2.316352	-1.612571	
0.235698	-0.131563	0.147419	-1.876053	0.553658	
-0.140398	0.296392	-0.303855	0.299606	-0.551614	
0.344061	0.253568	-0.251284	-0.948390	-0.258485	
1.219283	1.176976	-1.186890	-1.551109	-1.704891	
-0.632257	-0.482849	0.498094	-0.917048	0.974627	
1.123645	0.894245	-0.898356	-1.653993	-1.211107	
-0.806712	-1.170811	1.177641	1.964298	1.621319	
1.404674	-0.289541	0.292648	0.288713	0.435863	
-1.018594	0.700129	-0.716712	0.562403	-1.277263	
-0.627300	1.052639	-1.084059	1.746993	-2.080056	
1.127312	0.085201	-0.091745	0.697393	-0.266862	
-1.014530	0.430424	-0.445350	1.003142	-0.901698	
-1.631299	0.243184	-0.238134	-1.306912	-0.177502	
0.058961	0.346159	-0.353184	0.114866	-0.602594	
-0.120942	0.793366	-0.799675	-1.097342	-1.140044	
-1.270186	-0.884576	0.891647	1.218548	1.271988	
-0.056891	0.977805	-1.000282	0.690423	-1.766999	
-1.097037	-0.098395	0.101993	-0.255134	0.210702	
0.362986	0.929716	-0.938914	-1.035268	-1.380384	
-0.031550	-0.921684	0.929481	1.209965	1.335924	
0.616695	-0.513454	0.529424	-0.941558	1.030446	
-1.134941	-0.201478	0.197872	1.002489	0.161285	
0.363437	0.420512	-0.437190	1.271343	-0.932542	
0.341561	-0.761283	0.768345	0.912955	1.118746	
0.381109	1.004324	-1.028197	0.818317	-1.834263	
0.439075	-0.037101	0.051274	-1.877258	0.394985	
0.142056	0.788825	-0.806602	0.507575	-1.416738	
1.146842	-0.591107	0.591946	1.354238	0.754328	
-0.002032	-0.548867	0.554038	0.647223	0.808538	
-1.239304	-0.804332	0.809136	1.333874	1.116584	
0.546795	-0.780480	0.792775	0.233456	1.271418	
-0.263092	0.796079	-0.804110	-0.864857	-1.185795	
-0.855081	-0.818144	0.823445	1.299240	1.145952	
-0.250289	0.348847	-0.364612	1.322769	-0.821111	
-0.994977	-0.559606	0.564542	0.706615	0.816079	
-0.200245	-0.983367	0.990027	1.521505	1.384483	
0.537152	0.553700	-0.550479	-1.825432	-0.607932	
-1.031015	0.845862	-0.853143	-1.093100	-1.229095	
0.868237	0.167530	-0.166690	-0.533701	-0.187236	
-0.537392	-0.205696	0.221534	-1.689146	0.645237	
1.331213	0.358866	-0.364080	-0.168355	-0.573791	
1.239920	0.302308	-0.314636	0.960948	-0.678731	
2.369752	1.128191	-1.134132	-1.981787	-1.546534	
-1.161841	0.861607	-0.897642	2.863782	-1.956590	
-0.941569	0.580967	-0.582016	-1.299894	-0.746902	
0.101934	-0.090720	0.106205	-1.926117	0.493829	
0.375689	-0.013703	0.029729	-2.193061	0.411578	
-0.637108	-0.234776	0.239430	-0.062604	0.405987	
-1.656003	0.962089	-0.991165	1.646540	-1.909954	
1.792585	-0.569137	0.572766	0.911887	0.795744	
-0.180995	0.314016	-0.324458	0.669594	-0.646807	
-0.314202	-0.216950	0.234571	-1.908923	0.703103	
0.465550	1.255939	-1.267329	-1.542515	-1.839230	
0.471536	0.700469	-0.717804	0.666043	-1.296196	
0.170998	-1.125571	1.132797	1.796742	1.574910	
-0.808854	-0.814159	0.830607	-0.259825	1.415458	
-0.040024	0.682123	-0.690264	-0.566038	-1.047059	
-0.329409	-0.876597	0.883278	1.252855	1.252489	
0.361370	-0.448068	0.465896	-1.362548	0.995049	
1.539571	-0.315859	0.322120	-0.084224	0.546200	
1.557681	-0.570213	0.576911	0.487990	0.872652	
1.133257	-0.500124	0.504513	0.634662	0.728777	
0.265139	-1.138403	1.146099	1.763206	1.602434	
0.300982	-0.455426	0.465078	-0.207965	0.802877	
-0.231449	-0.397115	0.411751	-1.045714	0.853215	
-0.630695	1.151964	-1.173418	0.114915	-1.957978	
2.040340	-0.696891	0.702986	0.887158	1.015009	
-0.709262	1.269863	-1.273890	-2.600375	-1.675237	
1.056308	-0.578246	0.583502	0.708443	0.847108	
0.360096	0.202665	-0.218320	1.671228	-0.636965	
-0.075374	-0.713341	0.720063	0.841052	1.050847	
0.211392	-0.700260	0.704361	1.172522	0.970119	
-0.726579	0.963121	-0.997329	2.357171	-2.037586	
0.925696	0.383676	-0.388203	-0.325561	-0.587670	
-0.818455	0.286620	-0.288091	-0.508744	-0.391968	
0.955971	-0.624082	0.629904	0.743939	0.917916	
0.093772	0.201312	-0.216118	1.556579	-0.614378	
0.790759	-0.742713	0.750075	0.825050	1.103085	
-0.545130	0.021149	-0.024800	0.454711	-0.116131	
1.449578	-0.418635	0.436279	-1.410189	0.953984	
1.295331	0.092635	-0.089564	-0.657271	-0.039369	
0.442029	-0.320341	0.335526	-1.313071	0.771446	
-1.290174	0.654093	-0.658027	-1.080979	-0.908684	
-2.167718	0.336487	-0.339839	-0.371501	-0.500160	
0.580441	-0.660835	0.666594	0.844117	0.961988	
-0.892522	0.307781	-0.310554	-0.380491	-0.450283	
-0.908947	-0.517964	0.521408	0.810352	0.727658	
0.932584	0.726778	-0.732902	-0.957473	-1.052822	
-0.562188	-0.754513	0.770491	-0.342890	1.329849	
-0.293496	-0.946663	0.953519	1.402844	1.343768	
0.405162	0.817784	-0.822215	-1.419304	-1.124076	
0.412373	-0.294437	0.309502	-1.360865	0.736342	
-0.382076	1.349491	-1.383892	1.422552	-2.521887	
-0.158373	-1.007599	1.015269	1.441411	1.439431	
-0.882006	0.472266	-0.474315	-0.890448	-0.636604	
-1.878782	0.517285	-0.520761	-0.804224	-0.727602	
0.155643	-0.578256	0.594621	-0.835346	1.120627	
-0.094484	0.470777	-0.478901	-0.042500	-0.784324	
-0.359680	-0.496410	0.499746	0.771660	0.698259	
1.017809	0.421937	-0.440562	1.538397	-0.982251	
-0.292292	-1.031402	1.047667	0.306262	1.680574	
-0.065745	-0.722457	0.741010	-0.780510	1.353461	
1.729550	-1.347759	1.364377	1.044283	2.081940	
-0.939981	-0.943081	0.950191	1.358744	1.345556	
-0.742831	-0.789807	0.807698	-0.520977	1.420764	
-1.541793	-0.974501	0.990488	0.203196	1.603125	
-0.924716	0.842913	-0.868166	1.411953	-1.667937	
-2.004538	1.011380	-1.018455	-1.533559	-1.429466	
-1.000920	-1.021979	1.026857	1.865216	1.388535	
0.264245	-1.059187	1.066653	1.598095	1.498444	
-0.306207	-0.650214	0.655687	0.857474	0.941756	
0.521849	0.570742	-0.574960	-0.833992	-0.812243	
0.108570	-0.408126	0.411393	0.561609	0.586977	
0.355737	0.190910	-0.176041	-2.541267	0.129106	
0.832692	-0.978514	0.983755	1.706648	1.343519	
-1.304930	-0.649476	0.665230	-0.573269	1.193989	
-1.389661	-0.283093	0.297555	-1.305433	0.707440	
1.311146	-0.963112	0.970115	1.423453	1.367784	
-0.451343	-0.984190	0.991736	1.400345	1.407332	
-0.850018	-0.071796	0.085997	-1.794795	0.438733	
0.820684	-0.400805	0.415922	-1.103399	0.869642	
1.062404	-0.580919	0.585802	0.766957	0.841237	
-1.065566	-0.182844	0.198289	-1.691387	0.607197	
-0.165834	1.146463	-1.169936	0.409236	-2.000868	
0.292636	0.134508	-0.140600	0.511785	-0.316914	
-0.795615	-0.617666	0.632221	-0.485646	1.124961	
-1.118090	-0.353314	0.367403	-1.078807	0.785403	
-1.816173	0.293733	-0.307465	1.177344	-0.702645	
-0.201003	-0.445526	0.448057	0.756848	0.615295	
-0.413688	-0.492348	0.496993	0.579621	0.725448	
-0.403505	-0.317216	0.334124	-1.560337	0.809996	
-1.067838	-0.382676	0.397469	-1.103558	0.839176	
0.292551	-1.028310	1.034975	1.632650	1.440387	
0.082187	0.644077	-0.647438	-1.135630	-0.882155	
-0.083002	0.366553	-0.374566	0.201431	-0.652233	
-0.737316	0.975936	-1.011815	2.557495	-2.094633	
1.633380	-1.616705	1.633369	1.707185	2.416870	
0.739047	-1.017095	1.032518	0.387595	1.642101	
-1.914475	-0.392242	0.409486	-1.420206	0.911365	
-0.569608	-0.484945	0.486849	0.942195	0.648762	
-0.373193	0.622602	-0.639557	0.806939	-1.190185	
-1.154017	1.093240	-1.100093	-1.768109	-1.525602	
0.188539	-0.084763	0.100416	-1.964381	0.490588	
0.074659	-0.540284	0.555871	-0.821551	1.054315	
1.063015	0.067455	-0.049933	-2.602869	0.347672	
-0.489748	-0.575685	0.580787	0.723635	0.840110	
-0.496233	-0.340225	0.345625	0.096224	0.555217	
-0.522298	-0.856313	0.871888	-0.033570	1.446277	
1.841478	1.222140	-1.227390	-2.311594	-1.646127	
2.293757	0.271916	-0.272460	-0.601000	-0.350891	
-0.114568	-0.245807	0.237679	1.741211	0.104973	
-0.691184	0.630310	-0.641213	-0.053305	-1.050746	
-0.668441	0.273187	-0.287520	1.312059	-0.691953	
-0.282371	-0.531686	0.546926	-0.794795	1.035112	
-0.817803	0.225759	-0.232992	0.443406	-0.458285	
0.251452	-0.890928	0.906146	0.102175	1.480451	
1.830589	-0.693020	0.709124	-0.513490	1.256641	
0.083532	0.745093	-0.748032	-1.445615	-0.997147	
0.015279	0.993543	-1.008613	-0.378108	-1.604167	
-0.290194	-0.337919	0.341056	0.405052	0.496625	
0.670116	-0.659998	0.666509	0.737608	0.979449	
2.138665	0.594638	-0.600582	-0.653653	-0.884386	
0.368540	0.608748	-0.616406	-0.450526	-0.944106	
-0.580579	1.180225	-1.192138	-1.281319	-1.758153	
0.054769	-0.052148	0.065532	-1.730194	0.394240	
0.117105	0.652545	-0.674207	1.386452	-1.343218	
-0.185583	-0.390184	0.394150	0.419725	0.581935	
-0.741401	-0.431836	0.448311	-1.215029	0.941612	
-0.327239	0.422015	-0.441890	1.711767	-1.013098	
1.056060	0.774011	-0.795661	1.082716	-1.493714	
0.241154	-0.359724	0.363687	0.344413	0.544044	
-0.598321	-0.867836	0.883004	0.051588	1.450572	
-0.539533	0.702237	-0.707086	-1.073673	-0.990958	
-0.966727	0.388257	-0.391051	-0.577903	-0.550670	
-1.247572	0.537123	-0.542415	-0.601176	-0.796942	
-0.241502	0.853532	-0.858151	-1.482010	-1.173095	
1.001776	0.641610	-0.649423	-0.510917	-0.988682	
-0.627850	1.192279	-1.200105	-1.879231	-1.672499	
-1.023216	-0.913337	0.920649	1.256571	1.313628	
-0.150954	0.974962	-0.979022	-1.861777	-1.310061	
-0.659781	0.546235	-0.550852	-0.717678	-0.791629	
-0.531417	0.388727	-0.396838	0.159856	-0.682164	
0.631812	-0.814563	0.817867	1.567751	1.092359	
0.208029	-0.849704	0.855029	1.374388	1.185723	
-0.978716	0.360461	-0.367539	0.086594	-0.621642	
-1.130954	0.439519	-0.442927	-0.620163	-0.629408	
0.255987	0.597123	-0.602817	-0.694659	-0.881302	
1.072152	-0.464147	0.468943	0.488505	0.694157	
1.288158	0.257957	-0.259024	-0.493571	-0.346444	
1.506358	0.331365	-0.337295	-0.000506	-0.557271	
0.884721	-0.833394	0.850287	-0.273777	1.450284	
0.382803	1.484531	-1.499504	-1.613376	-2.211171	
0.915362	-0.638144	0.653933	-0.606339	1.180787	
-0.753615	-0.364316	0.379648	-1.224056	0.829642	
0.180226	-0.343351	0.358320	-1.225880	0.794701	
-2.222340	-0.600153	0.614589	-0.512775	1.100310	
-0.590688	-0.886821	0.892931	1.357725	1.251107	
0.267697	-0.426036	0.443364	-1.347892	0.955396	
-0.531124	-0.836265	0.844565	0.927463	1.242297	
0.360940	0.822796	-0.843278	0.798927	-1.525495	
0.807420	1.013617	-1.021491	-1.428088	-1.451914	
-1.776347	0.660041	-0.661917	-1.381729	-0.865407	
-1.137435	0.440117	-0.451806	0.529201	-0.834038	
1.460583	-0.812248	0.818449	1.159515	1.160789	
-0.479453	0.399353	-0.419315	1.780412	-0.987140	
-0.091487	-0.561504	0.565994	0.773267	0.807462	
-0.994014	0.355672	-0.367366	0.740028	-0.729351	
-1.593658	-0.139549	0.132275	1.358090	-0.005880	
-0.724917	1.090534	-1.103175	-0.957025	-1.664744	
1.896900	0.352819	-0.355365	-0.524090	-0.500597	
-1.492223	0.679458	-0.686480	-0.715013	-1.016185	
2.676836	-0.441153	0.458307	-1.286161	0.969885	
0.634977	0.540882	-0.571002	2.839781	-1.412875	
0.267748	-0.621727	0.636208	-0.465303	1.128188	
1.524236	-0.118774	0.133703	-1.779175	0.514983	
0.981866	1.354728	-1.363501	-2.151937	-1.897428	
-0.527819	-1.045814	1.053302	1.561913	1.482361	
0.728390	0.795502	-0.802547	-1.000501	-1.160794	
-1.034974	0.939362	-0.965782	1.334036	-1.816362	
-0.467374	0.671628	-0.686622	0.412490	-1.202765	
-0.164368	0.324882	-0.334597	0.541642	-0.642414	
-0.510422	-0.965419	0.973739	1.246117	1.403083	
0.554329	0.101713	-0.104980	0.200958	-0.206685	
-2.416855	-0.804382	0.820763	-0.274836	1.401672	
-0.366574	0.673789	-0.674238	-1.614280	-0.847332	
0.771275	-1.108064	1.123916	0.554406	1.765558	
-0.938162	1.033898	-1.041989	-1.448252	-1.482454	
-2.251952	-0.570041	0.585692	-0.756583	1.092855	
0.911343	0.389450	-0.395817	-0.084434	-0.640103	
0.242537	-0.779400	0.785630	1.073697	1.120743	
0.313814	-0.432175	0.436575	0.463909	0.644736	
1.315319	-0.427863	0.442763	-1.005979	0.897894	
-0.450706	-0.269285	0.285287	-1.553636	0.728189	
-1.318643	-1.250565	1.266959	0.833676	1.955771	
-0.196036	0.372394	-0.386514	1.035591	-0.809840	
-2.740565	0.504643	-0.522265	1.193097	-1.060189	
-0.168248	-0.724126	0.730518	0.913636	1.056127	
0.720995	-0.336068	0.340735	0.187688	0.532020	
-0.187768	0.193817	-0.209356	1.677133	-0.623129	
1.049175	1.190414	-1.202044	-1.345943	-1.763841	
0.161177	-0.731445	0.736128	1.169295	1.023144	
1.264523	-0.832028	0.840399	0.907055	1.238786	
0.615521	-0.418222	0.424162	0.215212	0.665327	
0.759680	-0.157268	0.171706	-1.615171	0.550675	
1.762790	1.017214	-1.025360	-1.399249	-1.463074	
0.070299	-0.530018	0.545691	-0.859147	1.043707	
-0.346080	-0.843926	0.860398	-0.189015	1.452982	
-0.286294	0.631344	-0.633127	-1.323261	-0.827496	
1.784250	0.180056	-0.165375	-2.488190	0.137960	
1.176995	1.125309	-1.132550	-1.793901	-1.574972	
-0.547876	-0.522906	0.539066	-0.944552	1.046875	
1.472071	0.800769	-0.806119	-1.249231	-1.125587	
0.848722	0.205928	-0.191294	-2.546088	0.104700	
1.208416	-0.607811	0.625008	-0.877404	1.177790	
0.268498	0.601824	-0.608643	-0.549946	-0.914847	
-0.258587	-0.735066	0.742661	0.773680	1.099324	
-0.210617	-0.375288	0.379879	0.295893	0.578819	
-0.389374	0.640030	-0.646434	-0.702592	-0.952065	
-0.545212	0.202515	-0.214564	1.170597	-0.548019	
0.362205	-0.704994	0.721314	-0.513547	1.276792	
-0.387038	1.060050	-1.066560	-1.733129	-1.475972	
0.987122	-0.474079	0.480680	0.262306	0.750936	
0.566014	1.004848	-1.047848	3.475214	-2.305848	
-0.545311	1.249952	-1.286102	1.913412	-2.441422	
-0.194325	-0.669378	0.684965	-0.500396	1.214555	
0.186305	-0.323434	0.340062	-1.505922	0.810814	
0.354665	-0.816959	0.821578	1.390982	1.127705	
-2.538485	0.928704	-0.961684	2.272143	-1.964633	
-0.740707	-0.822062	0.827702	1.261808	1.159173	
1.425871	0.233379	-0.218915	-2.590750	0.066439	
-0.123925	-0.575814	0.580599	0.767787	0.832503	
0.910744	0.804513	-0.811389	-1.046468	-1.167807	
-0.355940	-0.911405	0.916381	1.576502	1.253698	
0.883522	-1.098839	1.105444	1.816335	1.526474	
-2.515639	0.860083	-0.864482	-1.528886	-1.175810	
1.855320	0.581987	-0.604342	1.658316	-1.272703	
-0.466760	-0.451785	0.467126	-1.007676	0.938432	
-0.964768	-0.437808	0.451816	-0.857260	0.888273	
-0.080496	0.804535	-0.816637	-0.320288	-1.296497	
0.349587	-0.995297	1.000561	1.745028	1.364948	
0.009610	-0.309708	0.326944	-1.624676	0.808765	
1.253752	-0.488226	0.494435	0.352000	0.758841	
1.721072	-0.720872	0.735738	-0.272076	1.260719	
-0.917578	1.484640	-1.494966	-2.259458	-2.096893	
0.275335	-0.702408	0.717208	-0.308908	1.236187	
-1.593559	0.008482	0.007239	-2.205775	0.376515	
0.319368	1.166739	-1.176849	-1.498314	-1.697025	
1.343660	1.272394	-1.283982	-1.555832	-1.864548	
0.784015	-0.347742	0.351787	0.303218	0.531188	
-1.356890	-0.316054	0.321133	0.080615	0.517326	
-1.040756	0.896729	-0.918569	0.803658	-1.650689	
-1.838506	1.032981	-1.056052	0.635657	-1.850104	
-0.424913	0.496332	-0.514055	1.227878	-1.052372	
1.700721	0.797408	-0.814357	0.371106	-1.406997	
-0.330988	-0.644290	0.650554	0.732713	0.953894	
0.451501	1.004953	-1.007500	-2.146700	-1.310029	
-1.172060	0.084677	-0.070283	-2.210984	0.249277	
-1.630762	0.305639	-0.318579	1.037654	-0.697923	
-1.019181	-0.841108	0.857394	-0.170261	1.444918	
-0.451696	-0.156209	0.173330	-1.990573	0.615402	
-0.518834	0.716114	-0.744330	2.139068	-1.583478	
-0.474212	-0.808691	0.814326	1.229247	1.142453	
-1.312704	-1.317573	1.325341	2.199096	1.826578	
-0.207630	0.210971	-0.219445	0.652604	-0.470473	
-2.117171	0.647851	-0.677162	2.461197	-1.525727	
1.489585	-0.958908	0.973906	0.301800	1.559428	
-0.366388	-0.716195	0.731634	-0.363362	1.269024	
-0.128171	-0.514273	0.530781	-1.014414	1.044730	
-0.285422	-0.840572	0.848770	0.952361	1.245130	
-1.066939	0.018300	-0.021743	0.433021	-0.107495	
-1.253946	-0.765954	0.771607	1.120456	1.089842	
-0.522724	0.869372	-0.877409	-1.046416	-1.276910	
-0.565993	0.414028	-0.417376	-0.565041	-0.596297	
-1.058164	0.117142	-0.101347	-2.486467	0.243475	
-0.544857	-0.313767	0.329695	-1.432641	0.781572	
0.128342	1.298628	-1.333499	1.614529	-2.470345	
-1.120687	-0.218254	0.233382	-1.559171	0.643335	
-0.082736	-0.224932	0.240499	-1.603533	0.662426	
-0.813805	-0.302786	0.319315	-1.543563	0.782753	
-0.198105	-0.529680	0.547186	-1.114814	1.088432	
0.740203	-0.485751	0.489830	0.641902	0.703319	
-0.189483	-0.734147	0.751942	-0.645989	1.349291	
-0.143576	0.872527	-0.895880	1.074151	-1.657902	
1.194216	-0.959348	0.966733	1.360861	1.372542	
-0.574803	0.402535	-0.400500	-1.284509	-0.449503	
0.326830	-0.500426	0.518061	-1.205493	1.055292	
-1.031463	-0.851327	0.857588	1.248337	1.210785	
0.010447	-0.110639	0.105253	1.023822	0.004714	
0.302069	1.042380	-1.052328	-1.211319	-1.538696	
-1.484148	0.873188	-0.898564	1.353552	-1.708514	
0.710655	-0.596024	0.611023	-0.601124	1.109018	
-0.438908	-0.381381	0.396652	-1.173145	0.849327	
-0.243538	0.522646	-0.525220	-0.942824	-0.712065	
0.007355	0.534285	-0.532754	-1.542295	-0.625438	
-1.294821	0.549305	-0.551762	-1.025435	-0.742269	
0.636327	-0.323118	0.339503	-1.472966	0.804445	
1.924305	1.131924	-1.138275	-1.934118	-1.561258	
-1.524907	-0.572420	0.578133	0.630603	0.851100	
0.126943	0.596730	-0.601910	-0.765030	-0.868173	
2.046723	-0.132216	0.126588	1.111041	0.025553	
-0.227708	0.472704	-0.478556	-0.362992	-0.730786	
0.342114	-0.217642	0.234764	-1.837848	0.691676	
0.684018	1.034728	-1.061722	1.176448	-1.948850	
-0.919823	0.952164	-0.969992	0.108216	-1.620724	
1.204972	0.443496	-0.455412	0.552378	-0.843828	
0.321333	0.932605	-0.940185	-1.267326	-1.344131	
-0.674998	-0.396520	0.411784	-1.134521	0.867948	
0.614739	-0.474404	0.478668	0.587865	0.693806	
-2.190279	0.718667	-0.738030	0.902418	-1.368683	
-0.264938	-0.226127	0.228926	0.173745	0.349568	
-0.290322	-1.094450	1.100847	1.834451	1.515883	
0.871748	-0.557329	0.574548	-1.006020	1.115665	
-1.216953	0.048288	-0.066241	2.374790	-0.501946	
-0.279481	0.969531	-1.002536	2.173941	-2.015907	
0.292967	-0.665426	0.681542	-0.583902	1.222701	
-1.082805	0.105172	-0.117668	1.474901	-0.438198	
-1.200774	0.753101	-0.760048	-0.908733	-1.105733	
-0.758039	-0.791721	0.802734	0.439650	1.253796	
-1.189312	1.023521	-1.052674	1.504382	-1.988098	
-0.708123	-0.560159	0.576824	-0.921959	1.105532	
-0.897235	-1.036463	1.044749	1.427732	1.490404	
0.141211	-0.933521	0.951130	-0.124071	1.592177	
0.707460	0.152633	-0.145455	-1.377295	-0.012725	
0.522509	0.634926	-0.639350	-0.965162	-0.896963	
-0.444082	0.387575	-0.395153	0.088567	-0.667598	
-0.914583	-0.360815	0.376119	-1.228884	0.824609	
0.003682	0.976714	-1.003431	1.282358	-1.870033	
-1.491708	0.150765	-0.135373	-2.514111	0.191819	
-0.368327	0.763078	-0.783908	0.995775	-1.459923	
-1.925284	0.654422	-0.655888	-1.424643	-0.848353	
-1.530088	0.343209	-0.357499	1.131858	-0.777806	
-0.977325	0.208040	-0.218702	0.963992	-0.520710	
-0.467327	-0.193732	0.208866	-1.621074	0.613054	
0.092451	-0.539954	0.555151	-0.768213	1.044310	
-1.138702	-1.374395	1.391662	1.020440	2.130967	
-0.340050	0.258062	-0.257972	-0.654687	-0.318077	
0.954898	0.437491	-0.452735	1.029899	-0.918325	
-1.485933	-0.887069	0.894150	1.223455	1.275312	
-1.108911	0.545314	-0.549425	-0.785582	-0.778049	
-1.414104	-1.033453	1.039743	1.697487	1.437550	
-0.368912	-0.968517	0.975820	1.395074	1.381903	
0.917220	-0.235175	0.250686	-1.570198	0.673750	
0.911539	-0.847117	0.862554	-0.037199	1.431453	
-0.934969	0.158918	-0.167744	0.830963	-0.414519	
0.333685	0.999438	-1.002750	-2.026828	-1.321990	
-1.648523	-0.604255	0.609692	0.748147	0.883822	
0.636602	-0.778420	0.796515	-0.577704	1.411661	
1.091949	-0.804994	0.810344	1.259591	1.130858	
1.667825	-0.789628	0.803987	-0.030547	1.333578	
0.777683	-0.076834	0.074898	0.460303	0.047687	
-0.248851	0.812093	-0.830391	0.522037	-1.458438	
1.100603	0.919429	-0.946313	1.448046	-1.803033	
-0.318267	0.383108	-0.382335	-1.060763	-0.456464	
1.143472	-0.862218	0.867966	1.346691	1.211679	
-1.041724	-0.902979	0.920992	-0.256208	1.564215	
1.704132	0.409232	-0.423462	0.959188	-0.858267	
0.816283	0.862592	-0.868248	-1.360467	-1.209867	
1.081820	1.003516	-1.031156	1.343934	-1.926023	
0.600805	-0.221459	0.235468	-1.395797	0.619780	
-0.140002	0.054109	-0.039414	-2.176776	0.294632	
0.066562	0.309959	-0.315077	-0.060011	-0.510724	
-0.112619	0.065941	-0.066481	-0.089078	-0.095133	
0.496966	-0.767515	0.771662	1.333521	1.054720	
-0.573331	-0.889857	0.894889	1.514976	1.228353	
-0.127102	0.265096	-0.249943	-2.765453	0.044041	
0.044459	-0.229369	0.245511	-1.672379	0.682086	
-0.149236	-0.958478	0.965343	1.431035	1.358646	
-1.259405	0.434240	-0.438775	-0.450401	-0.650604	
-1.255928	-0.708140	0.712872	1.104517	0.995422	
-0.780494	0.648795	-0.654191	-0.864652	-0.938098	
0.672974	0.526405	-0.547201	1.580098	-1.165355	
-1.323709	0.629108	-0.650333	1.384247	-1.303405	
0.918474	-0.417341	0.433507	-1.208062	0.915998	
0.440761	0.477630	-0.482551	-0.504713	-0.713964	
0.021680	-1.066804	1.075015	1.513619	1.526223	
-0.055243	0.395845	-0.395239	-1.069281	-0.476380	
-1.297209	-0.347947	0.362613	-1.172199	0.792922	
0.092206	0.767710	-0.774120	-1.019487	-1.110683	
2.476216	0.201755	-0.214327	1.245018	-0.559926	
0.959943	0.573088	-0.574248	-1.264849	-0.739857	
1.336504	-0.114741	0.130587	-1.916475	0.532525	
-0.547743	-0.174609	0.190497	-1.773370	0.607871	
-1.323574	-0.364364	0.380766	-1.372720	0.856060	
-0.898839	-1.079056	1.084830	1.882713	1.481441	
0.002257	1.210413	-1.215328	-2.328928	-1.623331	
-1.202004	0.384601	-0.391691	0.028316	-0.651920	
-0.735339	-0.498008	0.503784	0.436457	0.760332	
-1.629542	-0.555068	0.572324	-1.016813	1.113774	
-0.700720	1.649661	-1.697360	2.523560	-3.221835	
-1.018264	0.659535	-0.669468	-0.260825	-1.063139	
-1.586305	0.916722	-0.938219	0.706153	-1.667044	
1.237431	0.438592	-0.444838	-0.223391	-0.698141	
-0.961479	0.547232	-0.570446	1.864316	-1.250739	
0.882375	1.217078	-1.230286	-1.193113	-1.835767	
0.140281	1.062332	-1.067273	-1.956913	-1.440165	
-1.045735	-0.672548	0.688669	-0.566740	1.231641	
1.681121	0.561369	-0.580292	1.232757	-1.162629	
0.238120	-0.713012	0.728291	-0.349071	1.261139	
1.449136	0.542739	-0.548708	-0.521010	-0.820591	
-1.106078	-0.520894	0.525947	0.594064	0.770905	
0.593265	-0.224860	0.239902	-1.530807	0.649420	
-0.467777	0.477296	-0.500961	2.101048	-1.175047	
-0.414909	-0.970084	0.977296	1.411636	1.381604	
-0.390069	-0.998926	1.016083	0.101348	1.662252	
0.179053	-1.071755	1.078038	1.793800	1.484912	
1.204491	-0.796968	0.801690	1.327004	1.105416	
-2.653578	0.218393	-0.241087	2.610227	-0.829776	
-0.032320	-0.300166	0.315547	-1.390587	0.751244	
1.381046	0.686050	-0.690925	-1.029751	-0.971512	
1.901305	0.382678	-0.387880	-0.229276	-0.603050	
-0.264381	-0.387111	0.391624	0.336027	0.591594	
-0.973993	0.448832	-0.464400	1.046578	-0.940357	
0.069644	1.039184	-1.075283	2.430735	-2.178558	
-0.068063	-0.029846	0.035367	-0.692995	0.172975	
0.873673	-0.096276	0.111046	-1.812940	0.483124	
1.764578	-0.114115	0.113190	0.412473	0.118868	
-0.572506	0.906852	-0.938920	2.199767	-1.915056	
-1.141147	-0.097846	0.092252	1.020892	-0.016286	
-0.346006	-0.894959	0.901502	1.317808	1.271867	
0.442807	0.694479	-0.698566	-1.160158	-0.962587	
0.140513	-0.526032	0.539728	-0.594387	0.990097	
-1.466522	1.059881	-1.089816	1.522581	-2.052480	
0.267461	-0.694808	0.701498	0.799332	1.027065	
1.051890	0.347077	-0.357422	0.573903	-0.685463	
-0.582046	-0.599210	0.616126	-0.859787	1.160202	
0.030761	-0.661079	0.665443	1.038531	0.927954	
0.708018	0.126047	-0.110554	-2.466633	0.224984	
-0.340139	-0.553339	0.558244	0.695187	0.807562	
0.042229	-0.302178	0.317029	-1.311871	0.740683	
1.073369	0.511181	-0.514927	-0.751460	-0.726683	
1.002936	-0.894494	0.898648	1.648722	1.212460	
-0.718543	-0.776822	0.783360	1.024453	1.125131	
-0.030585	0.834899	-0.841860	-1.110316	-1.207606	
-1.421072	0.899960	-0.905821	-1.424964	-1.261294	
1.829956	-0.516020	0.518745	0.905289	0.707569	
-0.477148	-0.981848	0.988236	1.555508	1.375903	
0.814535	0.990198	-0.997123	-1.501621	-1.399495	
-1.332970	-0.050684	0.068130	-2.298367	0.492436	
0.888893	0.230253	-0.232434	-0.269827	-0.339485	
0.367297	-1.263051	1.281250	0.613819	2.015723	
1.399350	0.549403	-0.553737	-0.764861	-0.788598	
-0.458800	0.537128	-0.537025	-1.350794	-0.664145	
0.281845	-0.845295	0.850513	1.378259	1.177621	
-0.281836	0.922763	-0.960657	2.969867	-2.078251	
0.512666	1.080940	-1.085892	-2.001522	-1.463560	
0.219920	-0.464305	0.470475	0.298044	0.728166	
0.696764	0.837762	-0.855954	0.443374	-1.487677	
0.413486	1.013905	-1.019517	-1.743166	-1.396578	
-0.878056	0.729963	-0.754651	1.614411	-1.513822	
1.111769	-0.362384	0.379341	-1.454737	0.867261	
1.765944	-0.945661	0.953234	1.300654	1.360186	
0.916033	-0.455382	0.460567	0.412616	0.692858	
-0.834839	-0.073773	0.059103	2.222304	-0.269623	
-1.094555	-1.286161	1.293881	2.127714	1.786389	
1.416197	-0.870552	0.886486	-0.048093	1.472801	
0.018935	0.483270	-0.505292	1.857803	-1.142001	
0.192874	-0.487451	0.492571	0.501477	0.731057	
-1.014029	0.579469	-0.592266	0.336468	-1.034284	
0.173416	-0.315875	0.331668	-1.408824	0.780897	
-0.700999	-0.738932	0.743526	1.200373	1.030232	
0.161870	0.871209	-0.890912	0.570134	-1.566393	
-0.300038	-0.598474	0.615202	-0.835427	1.154649	
-0.471204	-0.285440	0.288891	0.230756	0.439233	
-0.584528	0.304094	-0.304646	-0.679934	-0.391030	
-0.207402	0.907609	-0.934215	1.438917	-1.781533	
0.998142	-0.677757	0.682800	0.985680	0.965371	
-1.055157	-0.030206	0.033048	-0.319876	0.107477	
-0.311682	-0.884066	0.888299	1.611707	1.201476	
-0.144033	-0.958780	0.966240	1.349076	1.373675	
-1.485482	-0.768666	0.773962	1.176804	1.084421	
0.244639	-0.549519	0.555635	0.517520	0.832613	
-1.132845	0.337805	-0.341599	-0.313333	-0.512682	
-0.491229	-0.288730	0.292319	0.219699	0.446725	
-0.980706	0.644302	-0.651689	-0.576731	-0.981550	
0.177947	-0.866055	0.871419	1.409632	1.206981	
-0.887146	0.787420	-0.812468	1.521462	-1.593999	
0.247047	1.131947	-1.139671	-1.743358	-1.595092	
-0.959419	-0.029761	0.046813	-2.295619	0.456757	
0.104139	0.200788	-0.186066	-2.545560	0.113250	
-0.054577	0.777019	-0.788669	-0.314493	-1.251240	
-1.353871	-0.533057	0.536696	0.820652	0.751219	
0.419689	-0.334229	0.348788	-1.191517	0.773270	
1.023715	-0.468750	0.485189	-1.118051	0.986521	
-1.938701	-0.309448	0.327199	-1.696809	0.821108	
-0.795523	-0.324467	0.328834	0.200473	0.510242	
0.648829	1.170753	-1.188816	-0.403099	-1.897809	
1.672201	0.776008	-0.812870	3.191559	-1.870683	
0.282783	1.034714	-1.041236	-1.668418	-1.444821	
2.177541	-0.936496	0.943179	1.401681	1.326874	
-0.466677	-0.030090	0.032603	-0.274296	0.099208	
-0.936206	-0.502937	0.509301	0.367110	0.780909	
1.399945	0.798291	-0.804755	-1.088178	-1.149951	
-0.738699	-0.561981	0.569003	0.422674	0.870378	
-0.830016	-0.909041	0.925392	-0.010286	1.530841	
-1.401393	0.236314	-0.252130	1.609808	-0.682683	
0.240460	-0.950661	0.966163	0.211327	1.561586	
0.452219	1.091616	-1.097738	-1.865622	-1.505593	
0.150178	-0.514447	0.529205	-0.770727	1.001852	
0.195474	0.619278	-0.625347	-0.697637	-0.918040	
-0.449778	0.289907	-0.300482	0.748097	-0.620163	
0.968336	0.652899	-0.663448	-0.158652	-1.070078	
-1.441857	-0.581279	0.586769	0.683555	0.856618	
0.399071	1.541938	-1.549745	-2.752040	-2.106001	
0.595175	0.698644	-0.721486	1.435794	-1.429499	
0.710986	0.551336	-0.551756	-1.313513	-0.694649	
0.027282	-0.464676	0.468526	0.621312	0.671519	
-0.227525	0.084468	-0.091143	0.717467	-0.269185	
-0.248582	0.232434	-0.234569	-0.281673	-0.341055	
-0.053143	0.907900	-0.929298	0.714498	-1.653682	
0.133832	0.649421	-0.663299	0.312579	-1.147713	
0.552295	0.184673	-0.198979	1.528578	-0.581430	
-1.061258	0.867938	-0.899103	2.171096	-1.844522	
1.168003	-0.642063	0.647082	0.900228	0.920472	
-0.088850	-0.647121	0.652470	0.867017	0.934863	
1.261718	0.278927	-0.295554	1.616562	-0.755554	
-0.960358	0.985189	-0.993802	-1.254610	-1.434830	
0.367054	0.412743	-0.421909	0.246641	-0.737935	
-0.408332	0.310658	-0.322167	0.826315	-0.668924	
1.262348	0.980992	-0.992596	-0.828486	-1.503266	
0.424950	-0.703623	0.717055	-0.115675	1.203998	
-0.553989	-0.395757	0.410577	-1.074775	0.856079	
1.258402	0.712003	-0.730809	0.841789	-1.346732	
0.808361	0.668421	-0.673642	-0.937739	-0.958160	
-1.099953	0.936060	-0.940746	-1.678174	-1.277156	
-0.413523	0.789658	-0.797842	-0.827749	-1.181570	
1.039840	1.103388	-1.105645	-2.431970	-1.425058	
-1.411100	0.870384	-0.898571	1.751183	-1.774244	
-0.646328	-0.997454	1.006067	1.285128	1.450054	
-0.940630	-0.571853	0.587799	-0.792973	1.102350	
-0.020750	-0.680099	0.686918	0.744807	1.011984	
1.410702	0.956644	-0.967972	-0.806318	-1.466239	
-0.197313	-0.801257	0.808237	1.023869	1.166334	
-0.418990	-0.132772	0.148232	-1.818038	0.545413	
[0 0 0 0 0 0 1 0 1 0 1 1 1 0 1 0 0 1 1 1 0 1 1 1 1 1 1 0 0 1 1 1 0 1 1 0 0
 0 1 0 0 0 1 1 1 1 0 0 0 0 1 0 1 1 1 1 0 1 1 1 0 0 1 0 1 0 0 0 0 1 1 1 0 0
 0 1 1 0 0 0 1 0 1 1 0 0 1 0 0 0 1 1 1 0 0 0 0 1 1 1 0 0 0 1 0 1 0 1 0 1 1
 1 0 0 1 1 0 0 0 0 0 1 1 1 1 0 0 1 1 0 1 1 1 1 1 1 0 1 0 1 0 0 0 0 1 0 0 0
 1 1 1 0 1 0 0 1 0 1 0 1 1 0 0 0 0 0 1 1 0 0 0 0 1 1 0 1 0 1 0 1 0 1 1 1 0
 1 1 0 1 1 1 1 1 1 1 0 0 1 0 0 1 1 1 1 0 1 1 0 1 1 0 0 1 1 1 0 0 1 0 0 1 0
 1 1 1 1 0 0 1 1 1 0 0 0 0 0 0 1 0 1 1 0 0 0 1 1 0 0 1 0 0 1 1 1 0 0 0 0 1
 1 0 0 1 1 0 1 1 0 1 1 1 1 1 0 0 0 1 1 0 1 0 1 0 0 1 0 0 0 0 0 1 0 1 1 0 1
 1 1 1 0 0 1 1 0 1 0 0 0 0 1 0 0 1 0 1 0 0 1 0 1 0 1 0 0 0 0 0 0 1 1 0 1 0
 0 0 1 1 1 1 1 0 0 0 0 0 1 1 0 1 0 1 0 1 0 0 1 0 1 1 1 1 0 0 1 0 0 0 1 1 0
 1 1 0 0 0 0 0 1 0 1 1 1 0 1 1 1 1 1 0 0 0 0 0 1 0 0 0 1 1 1 1 0 0 1 1 1 0
 1 1 1 1 1 1 1 1 1 0 0 1 1 1 1 0 1 0 0 0 0 0 0 0 0 0 1 1 1 1 1 1 0 0 0 1 1
 1 0 1 0 1 1 1 1 0 0 1 1 1 0 0 1 1 1 1 0 0 0 0 0 1 0 1 0 0 0 1 1 1 1 0 0 1
 1 0 0 1 0 1 1 1 1 1 0 1 1 0 1 1 1 1 1 0 0 1 1 1 1 0 0 0 0 0 1 0 1 0 0 1 0
 0 1 1 0 1 0 0 1 1 0 0 0 1 0 0 1 0 1 1 1 0 1 0 1 0 0 1 1 0 0 1 0 1 0 0 0 1
 1 1 0 0 1 0 1 1 0 0 0 1 1 0 0 0 0 1 1 0 0 0 1 0 1 0 1 0 0 0 1 1 1 0 0 0 0
 1 1 0 1 1 1 0 0 0 0 0 1 0 1 0 0 1 1 1 1 0 0 1 1 0 0 0 0 0 0 0 1 0 1 1 0 0
 1 1 1 1 1 1 0 0 0 0 1 0 0 0 1 0 1 1 1 1 0 0 0 0 0 0 0 1 1 0 0 0 1 1 1 1 1
 0 1 1 1 0 0 0 0 0 0 0 0 0 0 0 0 1 1 0 1 0 0 1 1 1 0 0 1 1 1 0 1 0 1 1 0 1
 0 0 0 1 0 1 0 0 0 0 0 0 1 0 1 1 1 0 1 0 0 1 0 0 1 1 1 1 1 0 0 0 1 0 1 0 0
 0 0 1 0 0 0 0 1 0 1 1 1 0 1 1 0 1 0 0 0 0 1 0 0 1 0 1 0 0 1 1 1 0 0 1 1 1
 1 1 1 1 0 1 0 1 1 0 1 0 0 0 1 0 1 0 1 0 1 1 0 0 0 0 1 1 0 1 1 0 0 1 0 1 0
 1 0 1 1 1 0 1 0 1 0 1 0 0 0 0 1 1 0 0 1 0 1 0 1 1 0 0 1 1 0 0 1 0 0 0 0 1
 0 1 1 0 1 0 1 0 1 0 0 0 1 0 0 1 0 1 1 0 1 1 1 0 0 1 1 1 1 1 0 1 1 1 1 0 0
 1 1 1 0 1 0 1 0 0 1 1 0 0 1 1 0 0 0 0 0 0 1 1 0 1 1 0 1 0 1 1 1 1 0 1 1 1
 0 1 1 0 1 1 1 1 0 1 1 1 1 0 1 0 1 1 0 0 0 0 1 0 0 0 1 1 1 0 1 1 1 0 1 0 1
 0 0 0 0 1 1 1 0 1 0 1 1 1 1 1 1 1 1 1 1 0 1 1 0 0 0 1 0 0 0 0 1 1 0 1 0 1
 0]