[[-0.3120174  0.1417818  0.2380581  0.5881912 -0.5874612]
 [ 0.0509635  0.9125016  0.4146978  0.8142295 -0.0141343]
 [ 0.7212431 -0.6684125 -0.7154333  1.1037634  1.3980279]
 [ 1.608517   1.4959778 -0.1477065  0.0777284  2.7664783]
 [-0.3011779  0.4074855  0.3609813 -1.2712149 -0.5988944]
 [-0.3963181  1.3980492  0.8928093  2.4373322 -0.8894837]
 [-0.9981927 -3.14368   -0.9822649 -0.528319  -1.4561354]
 [-0.0950138 -1.4166841 -0.6352058 -0.8319985 -0.0071267]
 [-0.4336933 -0.4511098  0.0166726 -2.0255987 -0.7402872]
 [ 0.275661  -1.1962587 -0.7295085  0.2836094  0.6450211]
 [-0.5651796 -0.9826491 -0.1696473  0.5235855 -0.9182778]
 [ 0.886079  -0.706167  -0.8231892  0.9113898  1.7040077]
 [ 0.5438829 -1.0288072 -0.7938921  0.6574572  1.1159827]
 [-0.4046829  0.8239046  0.6190198  1.7934864 -0.8372331]
 [ 1.0770119 -0.4272116 -0.7915755  0.3630742  2.0204637]
 [-0.5498641 -0.9039737 -0.1398191  0.866254  -0.8995177]
 [-0.8862821  0.8870128  0.9109683  0.8317618 -1.725657 ]
 [ 1.0947769  0.4073945 -0.396623  -0.8074719  1.9547637]
 [-0.3349286  0.811585   0.5751932 -0.8202724 -0.7081806]
 [ 0.8629181 -0.5417983 -0.7309389  0.9364949  1.6422998]
 [-1.0027475 -3.1693681 -0.9922459 -1.3200726 -1.4614451]
 [-0.7746551 -1.6070211 -0.3586463  0.0821753 -1.2280134]
 [-0.7419792  0.9705985  0.8731776  1.6231663 -1.4715154]
 [-0.1731248  2.2977428  1.207832   0.5249689 -0.5870476]
 [ 1.1605117  1.2000566 -0.048036   1.4708713  1.9817508]
 [ 0.478383  -0.9648749 -0.7273539  0.3749046  0.9886403]
 [ 0.8852714  0.4350095 -0.2695411  0.9422434  1.5682621]
 [-0.4562299 -0.3428352  0.0813913  0.2010986 -0.7942532]
 [ 0.3544256 -0.0514159 -0.2172655  1.7765198  0.6544072]
 [ 0.5273894 -0.9220223 -0.7331751  1.5606151  1.0732468]
 [-0.2397761  0.4006488  0.3243454 -1.2079422 -0.4857666]
 [-0.3677653  0.9399885  0.6552594  1.2553511 -0.7833571]
 [-0.8385845 -2.2055646 -0.6141098  1.5753119 -1.2745375]
 [-0.5710405 -0.5203283  0.0576533  2.355266  -0.9833949]
 [ 0.0540529 -0.3845997 -0.2157765  0.2485495  0.1441311]
 [-0.4633907 -0.4250678  0.0454132 -0.1288231 -0.7976772]
 [ 0.1496006 -1.2830414 -0.7031676  0.2344297  0.4246269]
 [-0.2500346 -1.5629255 -0.6219724  1.5582884 -0.2735029]
 [-0.3750058  2.0736546  1.2087578  1.3866933 -0.9299868]
 [ 0.8056815  0.7191463 -0.0886076  0.5715741  1.3892358]
 [-0.6714655 -1.2375117 -0.2355179 -0.5825741 -1.0827223]
 [-0.6214589  1.2628931  0.9494695 -0.3405252 -1.285436 ]
 [-0.4831853 -0.443212   0.0473596  0.7726677 -0.831753 ]
 [ 1.2308156 -0.4330428 -0.8778689  1.3125589  2.3025059]
 [-0.1828073 -0.0634969  0.0684248 -0.0925888 -0.3269421]
 [-0.5887633  2.409707   1.4876689  0.6982519 -1.3605567]
 [ 0.7193571 -0.8347381 -0.7950398  0.7930002  1.4141474]
 [-0.6160138 -1.0580643 -0.1786195 -0.2445888 -1.0023967]
 [ 0.1674063 -1.254085  -0.6987932 -0.78059    0.4537923]
 [ 0.6796392 -0.9388141 -0.8239386 -1.1128766  1.3537359]
 [ 0.4031463 -1.0822912 -0.7434444 -0.5511717  0.8648233]
 [-0.924548  -0.2014026  0.4041018  0.0706234 -1.6675973]
 [-0.4626886  1.5281709  0.9919067  0.0992731 -1.0262063]
 [ 0.2386279 -0.0700716 -0.1634679 -2.8486985  0.4447711]
 [ 0.7762528 -0.7968721 -0.8075597  1.578812   1.5137725]
 [ 1.0640465 -0.4164837 -0.7793388 -0.5334407  1.9954836]
 [ 1.042183   4.1083574  1.4260402  0.1614835  1.423106 ]
 [ 1.0852335  2.3959899  0.5725705  0.1411036  1.7033323]
 [ 0.6998616  1.7934649  0.4896181  1.457978   1.0692556]
 [-0.4545685  0.5142981  0.4960035 -0.3018817 -0.8920622]
 [-0.3602066  0.4613135  0.4191095 -0.3534271 -0.7132101]
 [ 0.2555009 -1.0868574 -0.6655334 -1.3181479  0.5952699]
 [-0.704322  -1.5771098 -0.3823147 -0.0339264 -1.102871 ]
 [-0.4805282  0.587408   0.5455329  0.108846  -0.9481528]
 [ 1.4021959  1.5529983 -0.0080978  1.0605574  2.3823422]
 [-0.5590377 -0.6070659  0.0090917 -0.3554328 -0.9512326]
 [ 1.0209192  0.3261129 -0.3959447 -1.7042472  1.8292177]
 [ 0.0433533  1.5481848  0.7269888 -1.6270836 -0.1028488]
 [ 0.764219   1.8239241  0.4694582  2.3137935  1.1834021]
 [ 1.701471   1.4321934 -0.2290719  0.1008555  2.9440256]
 [ 0.7121411 -0.8850042 -0.8154913  0.119288   1.4068612]
 [-0.3902133  0.3981149  0.4047567 -0.0777014 -0.7606661]
 [-0.6836362 -1.4020681 -0.3086853 -0.7609343 -1.0856249]
 [ 1.014634  -0.676041  -0.8783495 -0.4465759  1.9356313]
 [-0.815389  -2.0363441 -0.5446643 -1.1393045 -1.2520155]
 [-0.1928913  1.7990129  0.9767889  0.7329856 -0.5645275]
 [-0.7714308 -1.6377804 -0.3753073 -1.08371   -1.2184959]
 [-0.3627103  0.2405773  0.3134615 -0.4122455 -0.6918188]
 [ 0.2786713 -1.2757354 -0.7696702 -0.9146363  0.6598789]
 [-0.5083166 -0.8222783 -0.1227626 -0.4911947 -0.8331261]
 [ 0.029499  -0.0931722 -0.0611758  0.4694197  0.0649256]
 [ 0.3823887  1.7193608  0.6259815  0.2482318  0.4972151]
 [ 0.5584277  0.569273  -0.0270816  0.0126331  0.9545634]
 [-0.372792   0.5951791  0.4908336 -0.6915981 -0.7519831]
 [-0.0046608  2.375656   1.1541797 -0.1134605 -0.2880403]
 [-0.4165479  1.2674018  0.8404536 -1.232758  -0.9111188]
 [-0.2353587  0.8992754  0.5636681  1.0925445 -0.5363529]
 [-0.4522208 -0.251092   0.12369    0.0254762 -0.7977134]
 [-0.1422845 -1.5236986 -0.6614304 -0.2246834 -0.081009 ]
 [-0.3490475 -1.6060961 -0.5891677 -0.4924991 -0.4495499]
 [ 1.4054887  1.1536166 -0.2034936 -1.7757953  2.435356 ]
 [-0.7829993 -1.9475341 -0.5191891  0.886173  -1.2032136]
 [-0.5830023 -0.6336794  0.0091954 -1.0586532 -0.9919402]
 [-0.3630251  0.0075257  0.2006556 -0.5385877 -0.6649744]
 [-0.2664619  0.8029234  0.5338386  1.0377299 -0.5819141]
 [-0.6340953 -0.8821718 -0.0835394  0.093291  -1.0561687]
 [ 0.6980873  1.4484202  0.3233131 -0.5353413  1.1066069]
 [ 0.5326277 -0.941083  -0.745258   1.0743081  1.0850719]
 [-0.6534351  0.6669885  0.6779448 -0.8715688 -1.2738179]
 [-0.6966174 -1.3986228 -0.2999705  0.8527031 -1.1097771]
 [ 0.9481288  2.2341644  0.5685264 -1.5368383  1.471564 ]
 [ 0.2961931 -1.2808556 -0.7816611 -1.4714367  0.6925344]
 [ 0.8726575  2.5230752  0.7495391 -0.8101173  1.2995102]
 [-0.5776641  1.856076   1.213261  -0.1523053 -1.2751139]
 [ 0.3569391 -1.1617201 -0.7568734  0.3771713  0.789641 ]
 [ 0.6229583 -0.9352656 -0.7914587  1.4603658  1.2496309]
 [ 0.8157053 -0.7574503 -0.8098593 -0.0846447  1.5813055]
 [-0.0688155 -1.448115  -0.66466    0.8556612  0.0444963]
 [-0.8011922  0.7935773  0.8194966 -0.4607183 -1.559007 ]
 [-0.4718363  1.0152363  0.748215  -0.8134946 -0.9825897]
 [-0.502101  -0.4424445  0.0579969 -0.322423  -0.8664461]
 [ 0.5829873  1.8541471  0.5824607  0.7040943  0.8483154]
 [ 0.9353817  1.2731435  0.1095685  1.3464716  1.5613169]
 [ 0.0225579 -0.0070195 -0.0156446 -0.8895631  0.0420915]
 [ 0.5359093 -0.9043635 -0.7292383  0.2464955  1.0867547]
 [-0.2000318 -1.5804542 -0.6576055  0.626835  -0.1799694]
 [ 0.9185393  0.3059696 -0.3501498 -0.2144521  1.6443023]
 [ 1.1661645  1.0254492 -0.1357485  0.1291     2.0126356]
 [ 0.8806906  0.3156762 -0.3249045 -1.9371942  1.5739228]
 [-0.2483474  0.782551   0.5141322 -1.1617327 -0.5463799]
 [-0.6240427 -0.9263828 -0.110427   1.098537  -1.0325774]
 [ 0.8396842 -0.52851   -0.7118885 -1.9792401  1.598234 ]
 [ 0.6646576 -0.8040252 -0.7504666 -0.1768947  1.310471 ]
 [-0.3070912  0.6697482  0.4913279 -0.0704623 -0.640569 ]
 [-0.2967959  0.8217455  0.5594247 -0.9136204 -0.6396191]
 [-0.5474787 -0.7041897 -0.0442641 -1.2291565 -0.9186601]
 [-0.1341094  2.0158055  1.0499839  0.7157094 -0.4825039]
 [-0.1930492 -1.5741892 -0.6583577  2.4010976 -0.1679332]
 [ 0.2146234 -1.1997259 -0.6980653 -0.9277253  0.5337717]
 [ 0.6782602  0.8938762  0.0652459  0.7412134  1.1355832]
 [ 1.2033541  0.2400339 -0.5366776  0.0148692  2.1730773]
 [-0.3620501  2.5729238  1.4437584 -0.3560606 -0.9650295]
 [ 0.6239912 -0.9114489 -0.7804736  0.5676752  1.2487183]
 [-0.6907633  0.6691799  0.6992645 -0.4463331 -1.342361 ]
 [-0.3756332  1.3811988  0.8734154 -0.1753133 -0.8496618]
 [-0.278017   0.6801707  0.4806023 -1.2711997 -0.5886092]
 [ 0.2017541 -1.2400884 -0.710648  -0.1025234  0.5149787]
 [-0.2847266  2.3068924  1.2728319  0.542264  -0.7922795]
 [-0.9984605 -2.9719747 -0.8988817  1.9218488 -1.4768277]
 [-0.0603389 -1.6163172 -0.7507997  0.525039   0.079793 ]
 [-0.4004896 -0.1494155  0.1449063 -0.2457019 -0.7150437]
 [-0.156875   0.4645242  0.3103214  1.5660973 -0.3416293]
 [-0.3035163 -0.2072059  0.0642654  0.461414  -0.5308489]
 [ 0.9334264  1.6344034  0.285758  -0.0278699  1.5152351]
 [-0.4643868 -0.2812679  0.1156639  0.0368412 -0.8164185]
 [ 1.1801075 -1.130047  -1.1882382  0.4795496  2.2917524]
 [ 1.0885243 -0.5532212 -0.858909   0.2889488  2.0563495]
 [-0.7074753 -1.3274282 -0.2595649  0.7724745 -1.1380164]
 [-0.0866929 -1.4872134 -0.673912  -0.506078   0.016393 ]
 [-0.5473008 -0.6530946 -0.0195911  0.6121603 -0.9243465]
 [-0.9580857  1.8627021  1.4229213  0.7628737 -1.9718061]
 [ 1.1618525  2.2962113  0.4826209  0.3702548  1.8552326]
 [-0.446031   1.3845641  0.9132505 -1.6668207 -0.9788379]
 [-0.2829325  0.1429067  0.2228196  1.2461204 -0.534388 ]
 [ 0.3274255  1.0325395  0.3228577 -0.7939281  0.4774797]
 [-0.5753588 -0.7853662 -0.068486  -0.7980556 -0.9601108]
 [-0.4293164  0.1702996  0.3155389 -0.7595999 -0.8053939]
 [ 0.7789731 -0.71129   -0.7675482 -1.7789876  1.5086794]
 [-0.6538722 -1.144549  -0.1999998  0.466008  -1.0614761]
 [-0.7382537 -1.7881118 -0.4661883  0.3287239 -1.1401168]
 [-0.5676903  1.1807044  0.8804475  1.4589833 -1.177406 ]
 [-0.7748563 -1.8045625 -0.4542996 -0.2940943 -1.2051391]
 [-0.7758013 -1.8918394 -0.4960961  3.6657049 -1.1965991]
 [-0.9387899 -2.9995532 -0.9446332  0.4635373 -1.3644262]
 [ 0.9976433 -0.6605185 -0.8616041  0.2555669  1.9027234]
 [-0.5175761  0.9186247  0.7262026  0.0110867 -1.0548953]
 [ 0.8657284  1.5025942  0.2585993  0.6029975  1.4069021]
 [-0.7473779  1.3904629  1.0796457  0.3364721 -1.5307917]
 [-0.4168869  0.5014723  0.4693367  1.3354653 -0.8216214]
 [-0.8217079 -2.1943571 -0.6178354 -0.732485  -1.2449834]
 [-0.4475295  0.9892685  0.7224356 -0.2444608 -0.9350694]
 [ 0.2922517 -1.2062714 -0.7433659 -0.7711948  0.6765488]
 [-0.517465  -0.2686714  0.1505749 -1.2063119 -0.9149975]
 [-0.4356889 -0.1101553  0.1830405 -0.4290633 -0.7840536]
 [ 0.6126687 -0.7553421 -0.6986529 -0.9529284  1.2096387]
 [-0.5567719  2.4493679  1.4895342 -0.6314874 -1.3067006]
 [-0.6275299  1.6974302  1.1634153  2.1286788 -1.3476683]
 [ 0.7456081  0.6136155 -0.1071651 -2.2831969  1.291759 ]
 [ 0.3116193 -1.0974813 -0.701138   0.7492787  0.6991784]
 [-0.7393323  1.071324   0.9205701  1.2446251 -1.4785246]
 [ 1.0413238 -0.7450401 -0.9262824  2.6492548  1.9925737]
 [-0.461194   0.0560553  0.2774559 -1.3139047 -0.8502665]
 [ 0.0865071 -1.2809805 -0.6679287 -1.3580367  0.3089663]
 [ 0.8789326 -0.6277245 -0.7812843  0.9526827  1.6817053]
 [ 1.0373921  0.7565869 -0.1962027 -0.7300507  1.8087034]
 [-0.5220188  1.3004838  0.913728   0.3433846 -1.1079512]
 [-0.1994516 -1.3565761 -0.5493906  0.1485541 -0.2052491]
 [-0.424995  -1.9069631 -0.6938041  0.529246  -0.5530828]
 [ 1.4421367  1.4845141 -0.0629722 -0.3535052  2.4634645]
 [-0.5296648  1.6344765  1.0797875  1.3939748 -1.1612348]
 [-0.5634566 -0.7006825 -0.0338929  0.0425289 -0.9483015]
 [ 0.5192236 -0.4042343 -0.4777349 -0.8173148  0.9973872]
 [ 0.3506316 -1.1074486 -0.7271412  1.33265    0.7717171]
 [ 0.5418901  1.2434788  0.3087289 -0.6339259  0.8449852]
 [-0.5352413 -0.8086171 -0.1015285 -0.8988907 -0.8839873]
 [-0.9061594  0.1563954  0.5675729  0.4544684 -1.6760563]
 [-0.4201851  0.9494442  0.6882906  2.78989   -0.8803623]
 [-0.2671347  2.0638152  1.1454482  0.9993769 -0.7314985]
 [-0.5878786 -0.8310518 -0.0838388 -1.239505  -0.9776382]
 [-0.4801788  0.4711012  0.4889611  0.3698817 -0.9338291]]
[0 1 1 1 0 0 0 1 0 1 0 1 1 0 1 0 1 1 0 1 0 0 0 0 1 1 1 0 1 1 0 0 0 1 1 0 1
 1 0 1 0 1 0 1 1 0 1 0 1 1 1 0 0 1 1 1 1 1 1 0 0 1 0 0 1 0 1 0 1 1 1 0 0 1
 0 0 0 0 1 0 1 1 1 1 0 0 0 0 1 1 1 0 0 0 1 0 1 1 0 0 1 1 1 0 1 1 1 1 0 0 0
 1 1 1 1 1 1 1 1 0 0 1 1 0 0 0 0 1 1 0 1 1 1 0 0 1 1 0 0 1 0 0 0 1 0 1 1 0
 1 0 0 1 0 0 1 0 0 1 0 0 0 0 0 0 1 0 1 0 0 0 0 1 0 0 1 0 0 1 1 0 1 0 1 1 1
 0 1 1 1 0 0 1 1 1 0 0 0 0 0 0]