0.931083	-1.132518	-0.687969	-0.550227	-1.000232	-1.074080	-1.228872	-1.005194	-0.325226	
1.387070	0.491847	-0.854661	-0.981660	-0.679144	0.690551	-1.818933	0.570404	0.344294	
-1.592494	0.865441	0.958332	1.252265	-0.573324	-0.107918	2.079219	-0.013947	-1.036058	
1.085739	-0.096288	0.459013	-0.638906	0.464371	-0.396069	-1.433189	0.300447	-0.393139	
-0.212899	0.254007	-0.709983	0.312425	0.146771	1.952220	0.267435	-0.833401	-0.880545	
-1.605825	0.118889	1.135582	1.182017	-0.567016	-1.374243	2.102489	0.367439	-0.631622	
-0.222237	1.100115	-0.137261	0.317031	-0.710525	1.294618	0.279827	-0.974930	-0.872612	
0.514943	-1.074170	0.309547	-0.335703	-0.780505	-0.894991	-0.677357	-0.456394	-0.019214	
-1.733889	-1.241715	1.317359	1.242980	1.483287	-0.378882	2.272580	1.012281	-0.511583	
0.463607	-0.578860	0.416979	0.091360	2.221636	-0.190409	-0.638419	0.973716	-2.031363	
0.707546	0.552477	0.854459	-0.185167	-0.683382	1.459964	-0.950763	-1.060607	-1.439220	
0.614014	0.638007	-0.455372	-0.159043	0.065450	-0.668878	-0.825198	-0.648238	-1.257392	
-1.502805	-1.520377	0.311334	1.041042	-1.885804	2.570479	1.972338	-0.996995	-0.257755	
1.755534	0.202682	0.707693	-1.965559	-1.537304	1.675787	-2.249592	-0.133675	4.136073	
0.061314	1.662181	1.626617	0.189282	-0.725346	0.856984	-0.097305	0.778437	-1.175399	
0.443431	0.427687	-0.633768	-0.305427	-0.932391	-0.103040	-0.582103	-0.083249	0.067089	
0.855706	1.031496	0.034723	-0.374666	2.114599	0.020938	-1.138903	1.847127	-0.969320	
0.752093	0.041840	-0.513052	-0.329244	1.413365	-0.514856	-1.001004	1.707437	-0.852237	
-0.636603	-0.582789	0.735986	0.583849	-0.438483	1.013528	0.825125	0.728755	-0.840180	
-0.748286	0.536922	0.922176	0.690179	-0.213295	-0.402369	0.969598	-0.409397	-1.007545	
0.544973	1.624215	-0.235847	-0.473442	0.136762	-0.017782	-0.708275	0.980755	0.584310	
-1.274660	-0.566188	-1.575699	0.737160	-1.503664	-2.078823	1.683504	0.708335	0.527641	
0.236899	0.173922	0.207871	0.242663	2.858462	-0.752900	-0.340462	0.268583	-2.040853	
2.054858	-0.718948	-0.025513	-1.638560	0.766323	1.164376	-2.681249	-1.181551	1.453090	
-1.222292	-0.310184	-0.735061	0.958022	-0.223899	-0.889239	1.596097	-0.557686	-0.779179	
0.295382	-0.359558	0.949538	-0.567752	-1.140620	-2.386538	-0.361294	-0.892736	1.908836	
0.868939	-1.849803	0.953535	-0.850538	0.077055	-1.961268	-1.122371	0.444720	1.421121	
1.133970	0.829133	-1.388843	-0.781006	-1.163078	-0.168815	-1.488593	-0.384414	0.171302	
-0.631017	-1.584000	-0.456326	0.658913	-1.254242	0.431768	0.812061	-2.229894	-1.243130	
2.849955	0.235323	-0.137387	-1.893484	1.219506	-0.554573	-3.746255	-0.710508	0.075491	
-0.397365	0.812752	1.605971	0.041168	-0.255745	-0.476396	0.538522	-0.518189	1.129759	
-0.124472	-0.909996	1.101869	-0.231144	0.032705	0.600387	0.186414	0.225632	1.602661	
0.665834	-0.539702	-1.095091	-0.933833	0.722104	-0.634753	-0.839538	0.082140	2.532478	
1.295336	-1.480236	-0.530783	-1.487216	0.102456	0.999760	-1.657199	1.509703	3.240715	
0.652311	-0.826031	0.981260	-0.795795	-0.680882	1.047244	-0.831136	-0.106733	1.871742	
-0.026413	1.766182	-0.119118	0.213630	-0.012397	-0.278832	0.020477	-0.425384	-1.004064	
1.030596	-0.613050	0.410597	-0.739266	-0.363622	2.529328	-1.350752	0.530980	0.306425	
-0.792212	0.232958	-0.203478	0.747869	0.717121	0.123778	1.025268	1.712310	-1.154577	
1.050248	1.089880	0.554478	-0.817384	-0.621638	-1.315204	-1.371859	-0.183352	0.639869	
-1.915764	1.488846	1.059842	1.431455	-0.578015	-1.374811	2.506741	-1.304297	-0.862516	
-1.067820	0.635627	0.424638	0.585421	0.829252	-2.028304	1.412654	0.280050	0.606383	
0.902670	0.005779	-1.062462	-0.527671	0.674867	1.286574	-1.191790	-1.454575	-0.344799	
-1.033151	-3.446990	0.572055	0.571642	0.041948	-0.044831	1.366410	0.304460	0.559942	
0.083070	-2.845002	0.502117	0.128064	-0.033715	-0.835574	-0.122506	-0.971289	-0.935531	
-0.137714	-1.007938	-0.484689	0.314232	1.604541	-1.273136	0.164846	0.429985	-1.143407	
0.556887	1.290467	-0.422341	-0.078506	0.612513	0.597495	-0.753199	1.112788	-1.476801	
-0.561486	1.473027	-0.777534	0.569144	-1.224045	0.533248	0.723828	-0.030778	-1.018320	
0.487580	2.330036	1.190248	-0.574681	-1.157511	1.560049	-0.622709	-0.449281	1.295963	
1.493762	-0.419366	1.374729	-0.845568	1.775163	1.711112	-1.974212	-0.199969	-0.711999	
0.840676	0.271535	-0.298649	-0.418114	0.059646	-3.106108	-1.115265	-0.203839	-0.696293	
0.660035	-1.252118	-0.536738	-0.167076	0.432308	0.022954	-0.887331	0.248147	-1.371526	
-1.442093	-0.241575	0.795208	0.965463	-0.924702	-2.262323	1.895091	1.929871	-0.075807	
0.410710	1.067679	-0.304919	-0.330576	0.644359	-0.708020	-0.535685	0.180728	0.306158	
0.702802	0.442910	0.403443	-0.799180	0.946961	0.220766	-0.899698	-0.113602	1.718744	
-0.765273	0.481825	0.845115	0.705165	0.792827	0.114067	0.991658	0.417860	-1.026931	
-1.437180	0.016194	0.857418	0.862826	-1.197552	-1.484026	1.895852	1.520350	0.432823	
0.851052	-2.151064	0.063488	-0.454340	0.142853	0.649163	-1.126773	1.434261	-0.545921	
-0.274475	-0.152923	-0.253481	-0.142949	0.538069	1.311273	0.384425	-0.341803	1.657358	
0.969897	-0.194066	-0.920937	-0.789527	-1.455254	-1.304856	-1.264384	1.575698	0.768366	
-0.841675	0.414139	1.463853	0.712139	-1.083813	-0.102582	1.095270	0.695164	-0.804891	
1.172018	0.038200	0.147648	-0.835448	0.363538	0.464251	-1.536490	-0.378903	0.321544	
1.534274	-1.025374	0.119832	-1.288502	0.686190	-1.055410	-1.997248	0.709340	1.417874	
-2.404569	1.163150	-0.363634	1.696686	1.445594	0.489786	3.153597	0.279189	-0.570860	
-0.491710	2.231303	0.635098	0.507576	-0.193066	1.588308	0.633211	1.057975	-0.938647	
0.598292	-0.431393	0.750675	-0.705315	-0.086075	1.077308	-0.764093	0.652161	1.590968	
0.760163	0.272550	0.169671	-0.640484	-0.715459	0.285037	-0.989394	-0.185398	0.713187	
0.789922	0.313979	-0.300341	-0.348649	1.608725	1.748435	-1.051145	0.641761	-0.880541	
0.024486	-0.150593	-0.384880	-0.226174	0.896104	1.128974	-0.016940	0.466435	1.074756	
1.253755	-0.499162	-1.160060	-0.929274	0.571457	0.567550	-1.641062	-0.260894	0.525937	
1.237388	-1.763048	1.105012	-1.022533	-0.527581	1.513398	-1.611983	-0.202463	1.058364	
0.675798	0.214443	-1.985775	-0.208721	0.974266	0.008563	-0.905787	-0.359446	-1.211600	
0.023666	-2.430999	0.720930	-0.066860	1.149002	1.666232	-0.027395	-0.328383	0.262298	
-2.092331	-0.261353	-1.238486	1.582733	-0.724278	-0.253319	2.736370	-0.259243	-1.041014	
0.596412	-1.647602	1.058408	-0.136805	-1.019918	-0.521550	-0.802827	0.577936	-1.311809	
-3.015004	-0.767025	0.716063	2.095255	0.480891	-0.708928	3.956520	-0.365811	-0.551218	
-0.617583	0.747937	0.411546	0.243817	1.735811	-0.498708	0.823904	-1.308201	0.835630	
-2.106575	1.661373	-1.594758	1.511904	-0.894659	-0.670224	2.760926	-0.029683	-0.630525	
0.577763	-1.202995	0.617233	-0.903175	0.422319	0.958321	-0.721746	0.980491	2.672683	
-2.014865	-0.409537	-1.848057	1.436311	-0.645335	-0.377344	2.641439	0.373032	-0.553074	
0.360336	0.316063	0.786182	0.104061	-0.801496	-0.173878	-0.498608	-0.230895	-1.747993	
1.299141	-0.327811	1.221556	-0.904903	-1.411566	-1.287881	-1.704682	-1.190252	0.248129	
0.919778	-0.638069	-0.399487	-1.081891	-1.302756	1.435625	-1.174846	0.466177	2.433485	
0.274113	-0.888537	-0.207648	-0.667857	0.892775	-1.179043	-0.325037	3.161973	2.492832	
-1.785291	0.899364	-0.488865	1.317363	-0.202976	0.567044	2.337226	-1.455808	-0.718816	
0.631270	-0.660770	0.914555	-0.195933	2.539594	-0.848182	-0.846034	2.570304	-1.126827	
-0.840292	-0.265439	-0.835843	0.378833	-0.666729	-0.477915	1.117595	0.210440	0.895998	
0.562114	-0.505811	0.347148	-0.904439	0.175331	-0.414800	-0.700328	-1.393150	2.731941	
1.207709	1.001636	0.477552	-0.846268	-0.771640	-0.519360	-1.584342	0.639193	0.256513	
-0.812685	-0.495493	1.622719	0.696701	-0.453043	0.999418	1.056884	0.125921	-0.823688	
0.875745	-0.320347	-0.584350	-0.650140	0.653617	-0.183183	-1.146202	0.551282	0.372711	
-1.487224	-1.364679	-1.010087	1.174199	-1.019054	-1.885954	1.941433	0.449596	-0.991687	
-1.715952	0.224172	-1.155794	1.241218	1.771491	-0.011936	2.248264	-0.939350	-0.563072	
-0.763239	-0.703097	-0.794756	0.385715	-0.625684	1.307858	1.012091	-0.988553	0.600864	
0.350915	0.035351	-0.242303	0.079791	-0.172259	0.128729	-0.484007	-0.002548	-1.592024	
-0.079781	1.204833	1.100533	0.295789	-0.404998	0.847001	0.087236	0.281062	-1.244456	
0.037407	0.313716	-0.380199	-0.374673	1.466766	0.807613	-0.023761	0.702898	1.791054	
-0.910247	0.153988	-1.427785	0.748479	-1.065429	-1.365257	1.186077	0.159604	-0.759532	
0.760076	-1.191959	-0.371786	-0.302615	0.502845	1.300723	-1.013817	-0.298279	-1.015424	
0.397470	-1.355464	-0.764902	-0.048700	-0.281296	-0.553813	-0.538117	-2.141260	-1.091567	
-2.655597	-0.024654	-1.350547	2.054848	-0.699636	1.355817	3.469671	0.940136	-1.556826	
-0.260251	1.311128	0.505050	0.387628	-1.002805	-1.163056	0.326503	-1.171383	-1.105632	
0.710539	1.601468	-0.630162	-0.296067	-0.419629	0.696138	-0.946785	-1.065320	-0.881831	
-1.393869	-2.053403	0.735136	0.880957	0.385611	-0.801009	1.835512	1.953862	0.193943	
0.415868	0.475364	-1.607107	-0.548204	1.797462	1.175562	-0.526906	1.937329	1.402378	
0.912387	0.898527	1.817133	-0.617893	0.907219	-1.954913	-1.198479	-1.342105	0.084094	
1.143391	0.681232	-0.796849	-0.736009	-0.926350	1.303869	-1.504701	1.526175	-0.090731	
-1.345338	-0.540864	-0.446958	0.919461	0.647658	-0.519660	1.766579	-0.050663	-0.166790	
0.784587	2.555847	-0.324587	-0.542311	0.418879	0.874062	-1.029808	-1.400997	0.128437	
0.126690	-0.762616	1.215983	-0.547939	0.133668	-1.010610	-0.132847	-0.069215	2.376496	
1.418618	-0.281421	-0.516672	-1.041834	-2.963810	0.094190	-1.857554	-1.706042	0.545794	
1.906938	-0.803472	-0.957138	-1.283735	-0.016118	-0.438453	-2.505443	-0.602221	0.136395	
-0.546372	-0.877127	-0.109156	0.087948	0.321714	0.383919	0.738183	-1.133462	1.393017	
0.794389	-1.963280	1.417631	-0.683168	-1.301410	1.808051	-1.032934	-0.689484	0.816156	
-0.649413	-0.569356	-1.306815	0.255480	-1.741464	-0.394785	0.866434	-0.066724	0.883323	
0.638366	1.048195	-0.727826	-0.139211	1.082097	-0.740330	-0.859825	-1.810941	-1.441020	
-1.249148	0.604924	0.477014	0.958430	-0.136610	0.598967	1.632666	-1.400293	-0.690673	
-0.413754	-0.612499	0.488420	0.061117	1.599285	-1.787268	0.559407	-0.181537	1.082958	
-0.847967	0.827729	1.357387	0.683101	0.066273	-0.530364	1.105953	-0.724091	-0.635077	
1.008505	-0.199034	0.412023	-0.605686	-1.231158	0.634411	-1.330350	-1.973029	-0.302600	
-1.466084	-0.761801	-1.741247	0.918970	-3.137220	-0.014916	1.931162	-0.672239	0.243027	
0.925086	1.329461	-0.236869	-0.470901	-1.274057	1.769205	-1.226461	-0.540698	-0.710911	
-1.644929	1.032076	0.176184	1.131805	0.036203	0.595615	2.159425	-0.149623	-0.242774	
0.262330	-1.960512	1.134612	0.134812	0.619683	-0.656636	-0.367284	0.263090	-1.574751	
0.961888	1.103559	0.630095	-0.565074	-0.653054	-0.532864	-1.269773	0.650143	-0.353166	
-1.503329	-0.413704	-1.848102	0.933070	-1.049916	-0.807007	1.980894	0.682638	0.296514	
-2.655255	-0.174406	0.362672	2.019937	-0.308827	1.172941	3.471741	0.421148	-1.379334	
0.193210	1.109726	-1.106808	0.318661	-1.838000	0.129450	-0.286445	-0.442141	-2.282367	
0.762698	-0.602989	0.271911	-0.338317	0.476466	0.901402	-1.014796	-1.613476	-0.841580	
-1.035601	1.142805	0.354728	0.866680	-0.702769	0.130522	1.348318	0.851292	-0.941528	
0.418191	-0.779702	0.302611	0.072815	0.149262	-1.213064	-0.575182	0.814360	-1.783271	
-0.446620	0.148786	-0.518067	0.428777	1.836047	-1.896631	0.577489	-2.293090	-0.687522	
0.904463	-0.030509	2.607188	-0.755426	-0.750184	-0.491582	-1.177690	1.905334	0.814596	
0.926127	0.123520	0.931234	-0.783005	-1.687228	-0.942873	-1.205209	-1.315915	0.882642	
-0.882424	0.587995	1.017997	0.808447	-0.505636	0.762735	1.143805	-0.541036	-1.160251	
-0.844849	-0.738070	-0.407941	0.772310	-0.886879	-2.297576	1.095224	0.343748	-1.102085	
0.593320	-0.144613	-2.475361	-0.138663	1.847300	-0.036514	-0.798478	0.600272	-1.291874	
0.670771	0.055769	-0.687851	-0.635393	-0.739326	1.383150	-0.867943	1.169294	0.988679	
0.789327	-0.183387	-0.667106	-0.323742	-0.238530	-0.563050	-1.052145	0.029875	-1.005992	
0.946310	1.538577	0.593436	-0.517797	-0.338240	0.824515	-1.251978	0.200640	-0.542538	
-1.117890	0.251297	-0.860743	0.629773	-0.561129	-0.056779	1.477666	-0.080209	0.548329	
0.418677	-0.034842	0.560166	-0.671199	0.776843	0.365670	-0.521800	-0.549834	2.022282	
0.429989	1.677814	-0.641478	0.084617	0.350433	1.064963	-0.592116	0.145151	-1.883457	
1.152387	-0.245731	2.176996	-1.021613	0.134710	-0.907801	-1.496215	0.191222	1.340384	
0.020150	0.804627	-0.185059	0.227986	0.320292	-0.352192	-0.044019	-0.384612	-1.234597	
-0.979298	0.327644	-0.830502	0.720709	1.218008	-1.380683	1.282194	2.397598	-0.384508	
0.988103	-1.102733	-0.555991	-0.578215	-1.662584	1.196144	-1.304542	0.212908	-0.374348	
0.980982	-0.890417	1.169656	-0.548160	-1.153002	0.331250	-1.297022	0.406422	-0.504124	
1.387240	-1.974002	0.440546	-0.871444	0.585287	-0.247493	-1.827170	-0.023735	-0.220261	
0.887166	-0.030003	-1.240526	-0.513019	0.263629	-0.261782	-1.171726	-0.137634	-0.367473	
0.966729	-0.339990	1.264920	-0.544239	-0.327348	0.244177	-1.277883	-0.310886	-0.476107	
0.832950	2.052463	-0.244438	-0.768506	0.875387	0.879768	-1.079285	-1.725401	1.122758	
0.964018	1.014108	0.461633	-1.061982	1.405864	-0.121971	-1.236582	-0.934897	2.182376	
-0.897370	1.149776	1.505078	0.347371	-0.261107	-0.635263	1.197663	-0.389966	1.249533	
-0.446717	0.028060	-0.041951	0.465955	-0.260619	-0.358034	0.574921	0.135092	-0.877438	
-0.312231	0.168463	-0.468082	0.375218	0.460734	-1.188495	0.398240	-0.399446	-0.866789	
0.629135	-0.846530	2.293161	-0.182199	0.121637	0.204009	-0.844123	2.844746	-1.189906	
-0.041798	0.353537	-2.362153	-0.022651	0.385070	-1.887861	0.058605	0.258125	0.256903	
-0.855885	-0.440797	-1.421163	0.773951	-0.667887	0.166840	1.110145	-0.932752	-1.073256	
0.870026	0.635098	0.445617	-0.418703	0.351490	1.554954	-1.155219	0.925727	-0.792282	
-0.666391	0.023199	-1.473264	0.642332	0.357120	-1.301232	0.861471	-0.992897	-1.038958	
0.867490	0.008402	-1.061799	-0.362646	0.240371	1.578618	-1.155835	0.666679	-1.070576	
-0.101173	0.755985	1.011268	0.319410	-1.846119	0.213846	0.114673	-0.748274	-1.293168	
0.862434	-0.336259	1.391619	-1.163629	0.061727	-0.248746	-1.090764	0.882003	3.045183	
0.677757	-0.526289	1.584834	-0.274257	1.303795	-0.575983	-0.903695	-0.686283	-0.882849	
-0.012211	-1.227066	0.295256	0.252965	0.204963	-1.112791	-0.001734	-0.621048	-1.253253	
0.696282	-0.736953	-0.843333	-0.262531	0.575722	0.306648	-0.929793	0.286298	-1.005348	
-1.227723	0.622116	0.343081	0.749321	-0.425532	-0.250280	1.618658	1.229944	0.307086	
0.803682	0.265481	-0.045493	-0.375223	-1.217630	-0.138820	-1.067967	-1.242044	-0.790979	
0.880974	0.596891	-0.789750	-0.508397	-2.530891	0.811234	-1.163623	-0.607269	-0.370237	
-0.555357	-0.668809	-0.424131	0.499283	-1.080889	-0.417876	0.720549	0.384616	-0.681515	
-0.859841	-0.190295	-0.003400	0.340923	-0.149238	-0.302000	1.146989	0.622753	1.155931	
0.478074	-0.103721	-0.780019	0.018730	-1.538713	-0.874076	-0.652858	1.843412	-1.708509	
1.631570	0.398356	0.533932	-1.162176	-0.763594	-0.585038	-2.139013	1.399752	0.443254	
-0.389536	-1.513347	-0.296616	0.479272	0.609940	0.893475	0.496030	-0.823590	-1.138469	
-0.178229	0.385254	-0.391227	0.361556	0.128143	-0.884261	0.216620	-0.930080	-1.248904	
-0.261374	-0.225756	1.256220	0.408298	0.155179	-1.869247	0.326531	-0.119156	-1.207618	
1.573935	-0.388881	1.198843	-1.079154	-0.708160	-0.798879	-2.066502	-2.740321	0.212836	
0.333122	2.586085	-0.656030	-0.301529	1.584364	-1.787046	-0.432062	0.225359	0.419242	
-0.138419	-0.016755	0.326777	0.272281	0.315529	0.934450	0.168853	-0.943675	-0.926363	
0.366794	-1.419961	-1.497881	-0.033428	0.041319	-1.230537	-0.497422	-0.497017	-1.066237	
0.660236	0.675151	-0.046750	-0.826399	0.678078	1.948242	-0.839714	-0.092318	2.001609	
1.559916	-0.959281	2.794688	-1.080564	-1.682737	-0.677496	-2.047295	0.210467	0.267339	
1.789086	-0.350311	0.788467	-1.487693	-2.578796	0.065550	-2.330025	-1.503156	1.577608	
1.912247	0.745680	-0.942913	-1.487000	-0.404917	-0.829034	-2.497914	0.209287	1.158608	
0.611766	-0.790057	0.200537	-0.091219	-1.681792	1.051474	-0.827061	0.683577	-1.596871	
0.271357	0.309777	0.160442	0.022924	1.005063	1.303182	-0.371458	-0.237563	-1.032660	
-2.080998	-0.025481	-1.060089	1.492807	-0.239194	1.162465	2.727458	-1.550939	-0.619081	
0.929590	-2.046101	-0.641963	-0.506823	-0.099693	0.582997	-1.229990	1.259696	-0.542288	
0.733102	0.150861	0.475643	-0.277921	1.336635	0.902319	-0.978851	-0.632999	-1.050798	
0.662790	1.876699	-1.883037	-0.753952	-2.163939	-1.219580	-0.848456	0.152916	1.622275	
0.713589	-0.185238	-0.553752	-0.261939	-0.494104	1.229464	-0.953421	-1.928779	-1.066757	
0.607978	-1.086120	-1.794619	-0.589582	-0.717028	-1.373277	-0.785700	0.181335	0.966075	
-0.923697	-1.303849	-0.826365	0.474096	-0.175230	-1.269704	1.224337	0.884268	0.689881	
-0.450748	0.845562	-0.754339	0.486650	-0.211336	0.168815	0.578910	-2.137941	-0.969742	
0.673212	1.722150	0.770270	-0.684757	0.844501	-0.000720	-0.867684	-0.819036	1.233045	
1.046893	-0.109800	1.283011	-0.637807	0.523206	0.678853	-1.380331	0.509337	-0.267728	
2.840812	-0.818012	-2.434506	-1.980359	0.529572	0.080783	-3.727485	-1.081039	0.550882	
-0.587233	1.964894	3.067525	0.556364	-1.227397	-0.568976	0.759842	-0.611991	-0.866075	
-0.574206	1.364048	0.552469	0.595398	0.190977	1.713227	0.739255	1.507923	-1.109759	
-1.571092	-0.285919	-1.951213	1.043996	-0.215166	0.449975	2.065181	-1.470671	-0.042520	
0.871047	0.541065	0.087981	-0.447926	-0.458724	-0.124019	-1.154487	2.569364	-0.646188	
0.841921	-1.202408	0.306642	-0.357736	1.144980	-0.519204	-1.121347	-0.314373	-1.009451	
1.637078	-0.686975	-0.255617	-1.111871	-1.361987	0.461244	-2.150174	-0.680370	0.167255	
-0.315516	0.933008	-0.447333	0.479045	-0.415724	-0.095713	0.395175	-1.341906	-1.386999	
0.786142	-0.686149	-1.805477	-0.306517	-1.523152	-1.332168	-1.049054	-0.153636	-1.083385	
0.576524	1.730757	0.077622	-0.880724	0.730636	-1.228263	-0.721688	1.348217	2.561981	
-0.089100	-1.770138	0.593993	0.263057	-0.870833	0.442397	0.102313	-1.513125	-1.045530	
0.565317	0.733791	-0.901096	-0.135664	0.759135	0.186819	-0.760535	1.995408	-1.212758	
0.350228	-0.237679	0.413853	0.206592	-1.089864	0.142587	-0.492281	-0.075796	-2.238560	
-1.157457	-0.021982	0.088511	0.929092	1.476799	-0.384126	1.509844	0.670831	-0.849848	
0.830204	1.892717	-0.867829	-1.176566	-2.190980	1.485941	-1.045903	-1.027981	3.220103	
0.308448	0.203114	-0.250628	-0.012532	-0.014982	0.848776	-0.419429	1.514408	-0.976346	
-1.032296	1.257959	-0.992024	0.531730	0.862266	0.319431	1.368143	0.388834	0.761290	
0.314830	-0.203995	0.412247	-0.651081	-0.273565	-0.062983	-0.381743	0.698938	2.269641	
0.628657	-0.285761	0.385240	-0.168010	0.505465	-0.618017	-0.844502	0.285367	-1.260903	
0.969862	0.488631	-0.145679	-0.619419	-0.399242	2.211624	-1.276692	-1.121979	-0.101972	
-1.425416	0.059648	0.295442	0.985536	0.383115	1.696716	1.870907	2.002007	-0.234776	
-0.210133	-0.314143	1.414596	-0.099882	-1.508515	0.983985	0.293615	-0.278175	1.219936	
-1.111277	0.348639	-0.689349	0.598390	-1.819884	0.084663	1.470933	-0.605321	0.686608	
1.716016	-0.744115	-1.301553	-1.249737	-0.199315	-0.606668	-2.247733	-0.334990	0.606450	
0.928637	-0.341981	2.056496	-0.524765	0.617256	1.460411	-1.227387	-0.790420	-0.447263	
0.387562	-2.557653	-0.556168	-0.350747	0.436504	-0.052944	-0.502675	-0.117656	0.487458	
0.260232	1.005771	-0.258172	-0.236108	0.378789	-0.371168	-0.337483	-0.170468	0.330353	
-0.339740	-0.913744	0.387413	-0.098776	-1.633655	-2.779840	0.470157	0.320943	1.651475	
0.586417	0.052875	-0.241460	-0.154383	1.409924	-0.111748	-0.787929	-1.538400	-1.188144	
1.575839	0.243220	1.668107	-1.390130	1.816988	-1.100642	-2.046509	0.527439	1.797707	
1.133717	1.252310	-0.617766	-0.790107	-0.652784	-0.519197	-1.487588	-0.327053	0.218729	
0.996342	-0.287480	0.073551	-0.775659	-0.049531	1.334039	-1.301429	-0.036781	0.608198	
1.021602	0.360766	0.902257	-0.981620	0.823102	-0.214538	-1.320891	0.953163	1.576912	
0.762656	1.227792	-0.170263	-0.288057	-0.139884	-0.097490	-1.018390	0.287225	-1.098620	
-1.581387	-0.687380	0.346669	1.200317	0.918550	-1.519008	2.067856	-0.453382	-0.807703	
-0.949387	0.285833	0.886768	0.820994	1.670088	-0.371278	1.234147	-0.086518	-0.998571	
-1.640073	1.143503	1.125070	1.026449	-1.038453	-1.466311	2.160459	-0.993172	0.279957	
0.984730	-3.271383	0.516799	-0.477328	-0.536831	0.212488	-1.307275	1.208836	-0.879219	
-0.016570	-0.059556	1.058763	-0.301282	0.877188	-0.123979	0.044465	-1.844623	1.597584	
-1.608812	-0.771873	-0.044908	1.057220	0.411484	-0.369013	2.115623	0.779674	0.017049	
-1.891226	1.106374	-1.006667	1.401768	0.446307	-0.822205	2.475458	-1.311154	-0.793381	
-0.799733	0.756764	1.589587	0.350080	-0.172790	-0.037452	1.064411	0.269693	0.906315	
-0.928060	-1.708387	-1.253935	0.809963	-0.667068	-1.720791	1.205885	-0.995644	-1.014066	
0.601602	0.593387	0.241376	-0.172996	0.612468	1.091755	-0.807271	0.036751	-1.144124	
0.554844	1.100617	-1.824175	-0.052125	-0.860342	-0.411387	-0.752330	0.832813	-1.604906	
0.514919	0.015278	0.159051	-0.030104	1.115516	0.135222	-0.699522	-0.443846	-1.582912	
-1.216036	-0.698339	0.396953	0.688746	0.330885	-0.317393	1.607130	-0.291574	0.577627	
-1.081612	-0.408460	0.481017	0.941918	-0.996031	-0.711796	1.405554	-0.574765	-1.171323	
-0.163315	0.255909	1.226224	0.037252	0.095669	-0.927550	0.219852	-1.131467	0.360281	
0.667582	0.402062	-0.448455	-0.247271	-0.153864	0.240843	-0.891790	0.106157	-0.986619	
0.521114	-0.569927	0.582717	-0.680661	-0.501439	1.345944	-0.660709	-1.108440	1.725154	
1.735818	-0.077831	-1.345422	-1.302574	0.568114	0.165208	-2.270881	0.116446	0.810021	
-1.569150	-0.122937	-0.483317	1.215761	0.157340	0.470496	2.050058	0.263295	-0.928009	
0.132191	-1.025376	-2.038358	-0.476892	0.619491	-1.346307	-0.145505	1.499466	1.994383	
-0.466929	-0.324394	-0.600098	0.054875	-1.639207	-0.565986	0.632324	0.036006	1.294273	
-0.795481	-0.533522	-0.744057	0.766659	-0.550095	-0.371580	1.028359	1.608497	-1.239696	
-1.538744	-1.132768	-2.797890	1.198697	-0.430504	0.184382	2.009861	-0.265349	-0.943263	
-0.081930	0.353885	-1.990111	-0.371777	0.138301	-0.552695	0.138656	0.830716	2.178790	
1.185884	0.926276	0.757713	-0.888391	0.698933	0.622356	-1.551540	-0.991999	0.545683	
0.842052	-0.621198	-0.614663	-0.406136	0.201076	1.163881	-1.118011	-1.125693	-0.762225	
-1.857379	-0.607355	-1.956726	1.249656	-1.229980	0.840614	2.440382	0.665136	-0.129178	
0.652185	-0.872842	0.131064	-0.167616	-0.423422	-0.450567	-0.876593	1.304844	-1.342281	
-0.202279	-0.679581	-0.624946	0.352695	0.267857	1.103339	0.250038	-0.391548	-1.122433	
-0.611077	0.199196	0.398862	0.599275	0.858846	0.866538	0.789219	0.108614	-1.005226	
-0.865349	0.744257	-2.243571	0.450566	1.365796	0.782001	1.146531	0.731189	0.613460	
0.299852	4.101574	1.447587	-0.431929	-0.165179	-0.193814	-0.377251	0.001177	1.198741	
-0.557248	-0.200368	-1.078006	0.106026	-1.598016	-1.136351	0.751691	0.535748	1.337195	
0.945176	-1.032217	-0.664843	-0.557431	1.421838	0.428277	-1.247553	0.360046	-0.335898	
1.240501	0.675266	-0.644536	-1.138807	1.449739	-0.774141	-1.607781	-0.456328	1.642845	
-2.495141	-1.316518	-0.184226	1.773501	0.154889	3.209140	3.271446	0.268639	-0.658407	
-0.832992	-0.892727	0.969104	0.783799	0.631877	1.148822	1.078232	-1.527530	-1.200873	
0.717300	0.471032	-1.080084	-0.208575	-2.247244	1.315719	-0.962354	-0.098547	-1.352341	
0.948978	1.350214	-0.899252	-0.549246	0.703899	0.170460	-1.253329	3.020397	-0.390605	
1.038965	-3.098643	-0.365577	-0.459358	1.372307	-1.024031	-1.382488	0.588608	-1.154119	
1.235951	1.571727	1.349914	-0.514615	1.048655	1.781644	-1.646918	-1.155016	-1.535850	
1.050209	1.653972	1.555621	-0.817724	-0.164861	-0.389203	-1.371781	-0.067786	0.641743	
0.549411	-0.557280	0.882359	-0.037125	0.633170	0.609351	-0.746016	1.930460	-1.663334	
0.624039	-0.850879	0.412922	-0.929454	-1.238824	0.086794	-0.782899	-0.405589	2.651056	
-0.057207	0.268232	-0.805243	-0.333627	0.525030	-0.594915	0.102192	-2.030952	1.900171	
0.772482	-0.182212	-0.515695	-0.277054	0.037472	-0.105943	-1.032579	-0.412664	-1.188068	
1.534576	0.946207	-1.487352	-1.168496	-1.025969	-0.257815	-2.006376	-0.450738	0.802777	
1.528678	0.529633	-0.266444	-1.204296	-0.055095	-1.343815	-1.995738	1.303970	1.005862	
0.875278	-0.258510	0.711271	-0.460771	-0.775149	1.387682	-1.159320	1.508478	-0.594731	
0.008581	0.530142	1.466265	-0.335286	-1.312063	0.409466	0.012660	0.281008	1.686740	
-1.424502	-0.377478	-0.539879	1.080759	0.020526	-1.233874	1.862745	-0.412234	-0.725128	
-1.702980	-0.574719	-1.099315	1.148807	1.102334	1.784380	2.237299	-0.945213	-0.133957	
0.183795	-0.733813	-0.855668	0.095912	1.512301	0.314677	-0.257434	-1.693861	-1.110778	
-0.429806	0.451378	-0.321951	0.037474	-0.570835	-0.954153	0.582999	-1.115577	1.258091	
-0.417920	-0.867492	0.423575	0.068800	-1.243820	0.252949	0.564526	-0.928489	1.057698	
-0.835323	-1.201543	0.838924	0.403045	0.694427	1.249089	1.109065	0.771656	0.755343	
-0.738214	0.070578	-1.344991	0.599189	0.172383	1.920445	0.962482	0.190369	-0.575917	
1.306274	-0.825863	0.241891	-1.236886	-0.426774	-0.290363	-1.690289	-1.088772	1.922857	
0.162728	-0.184017	0.214511	0.428252	0.613954	0.219980	-0.252865	0.854301	-2.740328	
0.262409	-0.637981	-0.740843	-0.279935	-0.283889	-2.120370	-0.337265	-1.672680	0.547281	
0.675999	0.867702	0.265565	-0.169724	-0.075270	0.009738	-0.908893	-0.064339	-1.411827	
-1.938428	0.824976	1.087248	1.511919	-0.771286	-0.639085	2.531781	0.944431	-1.197809	
0.353437	-0.710665	0.050912	-0.023862	0.592186	-0.883934	-0.479915	0.014476	-1.070131	
1.032356	-0.453093	-0.522850	-0.604757	0.098730	0.519754	-1.362921	-0.040296	-0.387811	
1.417910	-0.078645	0.725439	-1.035480	0.151379	-0.409874	-1.857050	-0.773666	0.515668	
-0.775445	-1.481562	0.312963	0.255011	0.428458	-0.051603	1.038218	0.595203	1.310862	
0.661188	-0.653320	0.341592	-0.192174	1.014993	0.406828	-0.887079	0.866857	-1.246989	
0.468488	1.213852	-0.975428	-0.027087	-1.211711	-0.196168	-0.636467	0.194558	-1.441727	
0.315019	1.912464	1.379476	-0.293571	-0.009339	-0.215764	-0.407970	0.306714	0.439585	
-1.319662	-1.167728	0.599311	0.751614	-2.731058	0.605496	1.743781	-0.284047	0.605484	
0.664373	0.618071	-1.154606	-0.174400	-0.559118	-0.095227	-0.892711	0.247078	-1.348683	
-0.892811	1.570890	1.161452	0.435617	0.209617	0.100942	1.185042	-2.064503	0.782594	
-0.834156	-0.477107	0.256066	0.772422	-0.367939	-0.500250	1.080644	-1.502998	-1.138731	
0.929009	-1.965815	0.648912	-0.754798	0.163552	-1.284393	-1.211186	-1.310772	0.728580	
-0.848018	1.355069	-0.881489	0.771914	2.120132	-1.661787	1.099572	-0.072072	-1.089370	
0.571745	-0.512968	-0.292944	-0.084516	-0.396386	-0.812266	-0.773010	-0.583814	-1.496170	
0.179051	-0.493369	-0.210998	0.088003	0.493571	0.288878	-0.250395	2.419067	-1.054304	
-1.839983	-1.762441	-1.391310	1.396899	-1.678816	-2.190501	2.405980	0.126295	-0.941317	
1.347825	1.710420	-0.400607	-1.565608	1.283205	0.912947	-1.723035	2.020830	3.464796	
1.037725	-1.326756	-1.356063	-0.655891	2.062090	1.577102	-1.366524	-0.157998	-0.144263	
1.346847	-0.134739	-0.588596	-0.970406	1.356401	-0.691473	-1.764936	-0.349892	0.422393	
0.873930	0.633390	-0.454983	-0.438845	0.173191	0.864195	-1.159076	0.181657	-0.702379	
-0.780983	-0.177773	0.905522	0.674232	-0.552831	0.938984	1.015314	-1.330812	-0.815650	
-1.045410	-0.860580	-1.304111	0.589900	0.376068	-0.115803	1.381790	-0.264626	0.507869	
2.022677	-2.108835	1.652170	-1.324480	1.554323	1.148922	-2.660207	0.340567	-0.045527	
-1.279769	-0.557958	1.323686	0.786948	1.730516	-0.467347	1.686851	0.660224	0.290108	
1.229284	1.932080	-1.589989	-0.906521	0.055529	1.215342	-1.609366	-1.801539	0.492056	
0.843977	0.140077	-1.692851	-0.336546	-0.302859	0.238861	-1.125688	0.209652	-1.124815	
-1.002468	-0.785971	-1.617617	0.479511	0.283973	-0.310066	1.331289	0.985478	0.927886	
-1.174441	-1.217587	1.157244	0.711911	0.020785	1.141059	1.548765	1.122407	0.318780	
-0.363333	0.634583	-0.119991	0.464486	-0.099482	-0.331201	0.461395	-0.300643	-1.151198	
0.227917	-1.966749	0.301433	-0.175226	-1.763626	1.415931	-0.297868	1.897871	0.127824	
0.757900	0.338049	-1.087317	-0.314717	-0.336602	-0.338606	-1.009972	-0.100904	-0.946158	
1.441587	-1.224281	0.067160	-1.094832	0.042623	-0.217077	-1.885004	-1.185649	0.739509	
0.950380	1.002319	-0.689228	-0.971241	-2.154073	-0.516667	-1.224587	-0.768861	1.764048	
-1.174499	0.359617	1.966283	0.646565	-0.557686	1.249919	1.553590	-0.463229	0.653355	
0.923276	2.085588	-0.364906	-0.525262	0.593931	-0.346224	-1.220045	0.506084	-0.426634	
1.047703	-1.213540	0.818169	-0.636158	0.423297	-2.311670	-1.381554	0.043026	-0.278893	
0.936887	1.209799	0.687911	-0.494651	2.689729	-0.118500	-1.240817	-0.204004	-0.629187	
-1.861797	0.239640	-0.342435	1.436913	-2.638064	-1.607068	2.432801	0.625321	-1.072490	
0.749050	-1.300384	-0.146893	-0.286152	0.808292	0.958750	-0.999987	-0.271340	-1.062477	
-0.658649	0.015422	2.185550	0.562559	0.364144	0.743695	0.856715	0.593958	-0.656870	
0.730406	1.646966	-0.545392	-0.307432	-0.189051	1.662808	-0.973033	-1.010258	-0.890692	
-1.180978	-0.989486	-0.466406	0.702600	0.341968	0.022027	1.558350	0.897130	0.388477	
-2.399239	-0.891525	1.553892	1.734713	-0.903118	0.035133	3.143571	-0.350058	-0.783427	
0.681756	-0.424935	1.321814	-0.664200	0.982826	0.109816	-0.880821	1.736708	1.099033	
-2.776997	-0.519630	0.347390	1.937469	0.425428	1.460273	3.643635	0.186059	-0.546674	
-1.541682	1.092912	-2.136580	0.989188	0.302957	0.310066	2.029084	0.936681	0.138729	
0.694526	-0.223482	-1.708454	-0.537376	1.235584	-0.030842	-0.907435	-0.932276	0.406985	
-0.532430	0.271375	0.247272	0.550793	0.015339	-1.118207	0.685563	-0.326158	-1.022433	
0.392136	-1.892861	-0.104018	-0.478745	1.158801	-0.096605	-0.499610	0.691915	1.127008	
-0.126762	-1.497597	0.711387	0.295781	0.566541	0.123058	0.151261	1.107957	-1.085935	
0.990970	-0.466068	0.854370	-0.969374	-0.338500	-1.036842	-1.280037	-0.425968	1.617575	
0.558982	-0.554166	-1.230313	-0.399336	0.142697	-0.033252	-0.732749	-0.352628	0.157844	
0.343764	-1.764672	1.993433	-0.594054	1.726886	0.952320	-0.425316	0.776768	1.880224	
-0.176151	-0.420792	1.483395	0.383555	-0.432011	0.407505	0.212191	-0.205639	-1.368481	
1.358759	-0.709417	0.330626	-0.645187	0.737354	-1.099333	-1.804792	-2.439827	-1.281967	
-1.514610	1.829867	1.460307	1.205294	-0.133929	-0.089449	1.976494	-0.157243	-1.058428	
0.996076	0.148895	-0.373829	-0.554501	0.808868	0.376913	-1.317131	-0.598725	-0.522593	
-0.986605	0.701971	-1.247869	0.827933	-0.498297	2.083157	1.284362	-2.417029	-0.908536	
0.354073	1.014886	-0.249721	-0.677983	0.374224	0.205658	-0.433268	0.907386	2.274919	
-0.481416	1.832867	0.965759	0.088201	1.301102	0.013455	0.649645	-0.111072	1.172609	
-0.037069	1.134392	-0.290672	-0.273570	1.123842	0.242218	0.070388	0.531720	1.524927	
-1.733514	0.846710	0.629083	1.249697	-0.478625	-0.582185	2.271582	0.040760	-0.547218	
-0.039090	0.853188	-0.269552	-0.331038	1.197764	-0.665312	0.077316	0.642274	1.825810	
-1.436786	-0.810091	-1.985651	1.158340	0.574221	0.546269	1.873850	-0.414195	-1.080676	
0.773703	-0.134025	-0.940440	-0.325983	0.460163	0.866849	-1.030689	-0.667780	-0.941815	
1.237032	-0.721329	-1.473156	-0.805135	-0.975437	1.336868	-1.627289	-1.814154	-0.052881	
0.440279	1.868195	0.103763	-0.426378	-2.392695	0.185650	-0.569021	0.160954	0.696638	
-0.041910	-0.604594	-0.120919	0.313688	1.743667	-0.745363	0.034327	1.571020	-1.463796	
-0.834335	0.247225	0.249601	0.394235	1.708834	-1.314284	1.108359	0.065772	0.797092	
-0.633702	-0.209188	0.325162	0.167911	0.403427	0.704284	0.851384	-0.144128	1.278424	
0.950343	1.086957	2.193793	-1.259951	-0.828086	0.825060	-1.203566	1.712263	3.241530	
-1.547328	-0.499259	-0.078746	0.937389	-0.076854	0.266780	2.040540	-0.104228	0.422834	
-0.088894	-1.490460	0.525788	0.299617	1.484183	0.369882	0.099378	-2.341255	-1.233304	
-1.508489	-0.229732	0.059566	1.032598	-0.424421	0.070611	1.980697	0.769706	-0.195371	
0.650147	1.819141	1.564606	-0.152854	1.789858	0.454726	-0.874889	-0.130743	-1.410949	
-1.231338	1.181656	0.462241	0.972488	-0.367905	-0.746727	1.607374	-1.095457	-0.822688	
-2.927017	0.366571	-0.067489	2.302035	-0.547228	-1.002349	3.821595	-0.583391	-1.906135	
-0.922069	1.609053	0.212255	0.349372	-0.374564	-1.030134	1.231177	1.270620	1.322608	
1.338051	1.782286	1.146933	-1.095941	0.149099	0.806723	-1.743831	0.928662	1.094435	
0.691572	-0.634086	1.980447	-0.589563	1.098266	2.159274	-0.899620	1.044337	0.683995	
0.522820	-0.351968	-0.189849	-0.034502	-1.353236	-1.496372	-0.709970	0.787105	-1.587060	
0.898293	-0.454525	-0.862034	-0.476424	0.458202	0.603419	-1.189548	-0.202106	-0.592271	
-0.263865	-1.317606	0.259475	0.138641	0.667229	0.758660	0.349513	-0.138297	0.180647	
1.196320	-0.367640	0.089501	-0.816472	1.007110	-0.127935	-1.570985	0.308952	0.142463	
0.391637	1.318180	0.286795	0.058592	-0.525903	-1.950481	-0.537961	-0.469037	-1.620913	
0.506856	-0.364163	-0.975307	-0.128911	1.324321	-0.876938	-0.681357	0.069686	-1.050105	
-0.525677	-1.496141	1.737198	0.541077	-0.595638	0.518227	0.677067	-0.319529	-0.995498	
0.311787	1.063708	-0.354543	0.288093	1.108020	-0.470374	-0.445816	-1.230321	-2.525938	
0.716888	1.406502	0.378491	-0.223824	-1.586348	-2.866690	-0.960685	-0.654138	-1.272920	
-0.471698	-0.645180	0.589468	0.106744	0.252111	1.231532	0.635055	-0.928244	1.044940	
-0.475359	-0.978723	0.075542	0.095804	0.246146	0.439334	0.640839	0.844245	1.113273	
0.536188	1.237738	0.896033	-0.084333	-0.976931	0.389579	-0.724567	0.786212	-1.377160	
-1.248622	-0.221674	0.585556	0.694226	-0.985532	-1.623129	1.651139	-1.715952	0.659505	
-0.387122	0.119932	0.317902	-0.079680	-1.498485	-0.140919	0.533340	-1.404108	1.713593	
1.308998	0.948141	-0.684843	-0.926464	1.609079	0.403677	-1.716549	1.198445	0.325211	
0.947706	-0.201073	0.615797	-0.517286	-0.831742	-1.049192	-1.253917	-0.400021	-0.549857	
1.041126	1.322857	-0.551037	-0.987289	1.943086	0.441122	-1.347087	-0.219206	1.540056	
0.656536	-0.775335	-0.473859	-1.015112	0.097386	1.062302	-0.820963	-0.232618	2.979756	
-0.511021	0.225900	-0.665905	0.125497	1.527258	0.035163	0.687281	-0.006133	1.081629	
-1.625664	0.017499	0.324776	1.081763	0.642115	-0.435301	2.136807	-1.082503	-0.051692	
-0.713823	2.235887	0.083624	0.661389	1.492450	-0.135376	0.924725	2.425296	-0.976477	
0.764179	0.884108	-0.189253	-0.281668	-0.489096	0.478194	-1.020930	0.024101	-1.136452	
0.902461	-0.867590	1.573575	-0.430827	0.824591	-0.003500	-1.198540	0.242891	-0.839657	
0.714540	-0.941301	-0.343750	-0.294381	-2.292602	0.316388	-0.952361	1.451481	-0.903955	
0.930482	1.481679	-1.543248	-0.466523	0.254429	0.194480	-1.234133	-0.804025	-0.751521	
1.011113	-1.494179	0.182047	-0.544407	-0.109656	0.048067	-1.338356	-1.237809	-0.624969	
0.295751	-2.502616	0.998017	-0.052693	-0.842277	0.352065	-0.399209	-0.748591	-0.728008	
0.731815	-1.084642	-0.971004	-0.282716	1.347637	0.703297	-0.976749	1.016846	-1.021917	
0.755851	0.584333	0.178123	-0.328746	-0.017314	0.300430	-1.006161	-0.991613	-0.867459	
-0.198116	0.567294	0.732038	-0.174530	-0.105997	-1.203239	0.282660	-0.082750	1.561383	
0.817912	0.378300	1.077580	-0.345699	0.946956	1.010746	-1.089504	0.232611	-0.990057	
0.560499	0.995955	1.301830	-0.454170	-0.502030	-0.083542	-0.730833	-1.901134	0.433321	
-0.508683	0.109203	0.710845	0.059612	-3.205771	1.558450	0.688881	0.672328	1.410879	
-1.431223	0.101756	2.454886	1.258842	0.147569	1.320332	1.858969	-0.010634	-1.613723	
-1.107868	-0.584222	-0.722442	0.928328	-1.560470	0.754977	1.442323	1.299493	-1.013209	
0.534992	-0.126899	0.409737	-0.040565	-1.201383	-1.103806	-0.726116	0.575231	-1.597093	
0.230683	-0.597719	1.726477	-0.567815	-0.679071	-1.551380	-0.273121	0.447735	2.127407	
0.128282	-0.733234	-1.579240	-0.447922	0.800000	0.230649	-0.142282	-0.047952	1.859327	
1.046867	0.816102	-1.417331	-0.670125	-1.967205	1.288703	-1.377947	-1.007777	-0.102261	
-0.264528	-1.867237	0.572621	-0.120603	0.004841	-1.056565	0.369248	-0.860850	1.509461	
-1.231975	-1.490242	-0.914806	0.777362	0.242344	-0.644293	1.622415	0.243851	0.177937	
0.058960	0.476120	1.095048	-0.328840	-0.453200	0.281359	-0.056463	0.833581	1.483813	
0.838469	-0.665678	0.906462	-0.390625	-0.649614	0.703572	-1.114255	-0.937466	-0.829511	
-0.708452	-1.081062	-0.492448	0.780473	0.072952	0.836792	0.908756	-0.147990	-1.603957	
0.326921	0.944261	0.646426	0.195508	0.516780	2.129193	-0.459714	-0.532699	-2.103219	
-3.091518	0.062481	0.588647	2.386011	1.633134	0.249244	4.039670	-1.154180	-1.780941	
-1.444356	0.910049	-0.630108	0.938654	-1.552111	0.114484	1.900122	-1.514538	0.069012	
-1.801966	-0.362573	-1.162705	1.301431	-0.556428	-1.451438	2.361106	0.265414	-0.581042	
1.060552	-0.219977	-0.679349	-0.674070	0.357097	0.308541	-1.396311	0.514662	-0.128242	
0.264277	0.479389	0.142834	-0.505254	-0.437015	-0.977045	-0.323445	-1.101299	1.693956	
-1.194915	-1.845383	-1.635726	0.908325	0.058823	-0.810180	1.562399	1.452514	-0.617224	
-0.084317	-0.427953	0.195801	-0.201494	-2.112586	0.676630	0.129540	-0.809942	1.315489	
-0.027914	-0.908248	0.813908	0.209135	0.901146	0.739217	0.022848	-0.599090	-0.976002	
-1.921906	-0.411354	-0.454380	1.366742	1.582188	0.579035	2.519811	-0.775502	-0.510659	
0.912138	0.179254	0.875076	-0.526106	0.053062	-0.213762	-1.204806	-0.203699	-0.384745	
-0.418516	1.298635	-1.065490	-0.053811	0.248419	0.109448	0.574244	0.108691	1.687121	
-0.867137	0.642007	-1.689386	0.451680	0.854909	-0.035547	1.148887	-0.599243	0.613791	
0.946120	-0.768007	0.549855	-0.373950	0.720854	0.403430	-1.262167	-0.523047	-1.277970	
-0.020986	-0.360501	-0.120050	-0.343416	-0.661159	-1.325059	0.053543	-1.222665	1.828082	
0.317256	2.023180	0.698674	-0.400613	-1.965460	-0.485879	-0.403244	1.994681	0.979784	
1.230843	-0.047958	0.064522	-0.850706	-1.117256	2.710222	-1.615545	-0.902464	0.201189	
-0.722907	-0.525136	1.924993	0.257074	-1.389923	0.716036	0.966473	0.015662	1.123082	
1.270582	0.815872	-1.146262	-0.977434	0.068250	-0.406807	-1.660495	0.442492	0.715617	
-1.128804	-0.687131	-0.274975	0.959600	0.290622	0.656807	1.468581	0.788629	-1.102608	
-0.966525	0.350025	-1.691250	0.761050	-3.084122	-0.928521	1.261856	1.115491	-0.634025	
0.123843	0.531142	-1.043079	-0.527968	-0.186096	-0.193533	-0.130418	1.266915	2.283905	
0.727408	-0.624570	0.177490	-0.274737	-1.421110	-0.660243	-0.971322	-0.206178	-1.047880	
1.102453	-0.380021	3.691752	-0.967366	0.921703	-0.258925	-1.432108	0.885027	1.231238	
0.341973	-2.569053	-0.363758	-0.530404	-0.464301	-1.388389	-0.427499	0.566772	1.560559	
-0.316523	-0.667484	-0.427913	-0.033023	0.236665	-0.132398	0.433742	-0.786261	1.236695	
0.583588	0.804127	-2.823000	-0.095070	-0.695238	-1.002164	-0.788382	2.017925	-1.482111	
0.278072	-0.010533	-0.374474	-0.491406	-0.424679	1.169228	-0.343249	-0.280752	1.576564	
0.323732	0.951839	-0.113745	0.036958	0.163631	2.196812	-0.443852	0.784442	-1.281149	
0.415668	-0.420872	-0.551644	0.063509	-0.163600	0.158108	-0.571066	-0.397613	-1.727134	
0.999335	0.116917	0.968574	-0.592923	0.799580	-0.172055	-1.318780	-0.812904	-0.336973	
1.310346	0.601207	-0.021467	-1.055260	-0.824325	-0.274967	-1.709030	-1.961130	0.979722	
0.202900	-1.020941	-0.550253	0.158179	0.961030	0.165397	-0.287993	-0.412212	-1.493854	
0.364359	0.898912	1.734738	-0.080641	1.018483	-0.657238	-0.490675	0.814993	-0.816433	
0.995603	0.661114	-1.547634	-0.565064	0.066890	-0.044613	-1.315719	1.462645	-0.466943	
1.163279	1.255953	-1.436500	-0.837314	1.021223	1.951051	-1.524445	0.308336	0.360567	
-0.045784	0.168900	-1.784891	0.254993	-0.899989	1.922646	0.043871	-0.213742	-1.150378	
1.496304	-0.043683	0.387707	-1.030044	-1.634708	-0.318671	-1.964276	0.405751	0.223407	
1.574438	-0.636047	0.193294	-1.149457	-0.467877	-1.212707	-2.062081	-0.953474	0.570886	
1.227189	1.740709	-0.629857	-0.628146	-0.097987	-0.399343	-1.626731	-0.699630	-0.925347	
1.153920	0.500083	1.986994	-0.816264	0.681567	-0.674571	-1.513220	-0.370719	0.284424	
0.835575	0.834270	1.127942	-0.416228	-0.595092	-0.732087	-1.108451	-0.898486	-0.688738	
-1.722301	-2.322078	-1.744495	1.193286	0.760156	-0.848738	2.260397	0.094879	-0.296388	
-0.334788	0.473282	0.312152	0.476651	0.645961	-0.397410	0.421612	-1.475495	-1.309739	
-1.127164	0.425105	-1.120594	0.826777	1.534450	-1.610554	1.475994	-0.326121	-0.428480	
0.455725	0.084123	-0.620435	-0.575334	1.380888	2.541006	-0.579251	0.944400	1.406759	
1.001362	-0.987548	0.488402	-0.580522	0.768606	0.674030	-1.322444	-0.398647	-0.407271	
-2.022082	0.553132	2.495270	1.432935	-1.588764	0.975142	2.651518	-1.004265	-0.511453	
-1.008596	-1.119672	-0.185423	0.447909	0.924634	1.605453	1.341935	0.635035	1.110264	
-0.326171	-0.389478	-0.099731	0.473814	0.645634	-0.944229	0.410075	0.418686	-1.324287	
0.500532	-2.360122	0.473106	-0.384412	1.397753	-0.684874	-0.654180	-0.353990	0.278646	
0.938339	-0.192388	1.276763	-0.528176	0.041447	1.961664	-1.240362	-0.207729	-0.462539	
-0.048069	0.142072	2.696769	-0.297387	-0.940511	0.075622	0.087108	1.016771	1.683908	
-0.747005	-0.771417	-0.522863	0.735520	-1.813592	-0.722030	0.964560	0.021694	-1.243878	
-0.682199	-1.479705	-1.057495	0.177524	-0.218547	-0.204790	0.916776	-0.350650	1.392832	
-1.934085	0.985482	-0.328241	1.378067	-1.406456	0.781213	2.535586	0.712834	-0.527525	
-1.373029	-1.116210	0.444357	1.122535	0.309243	0.061054	1.789565	0.122887	-1.112530	
1.745258	-0.152465	0.015059	-1.399363	1.164810	0.280649	-2.276714	-0.114716	1.273459	
-1.692487	-0.796544	0.202521	1.290396	0.062648	-0.303202	2.212715	-1.047152	-0.893876	
-1.898839	-0.924444	-0.711632	1.297518	-0.760081	-0.695218	2.493406	1.104666	-0.234239	
-1.323348	-0.397093	-0.562953	1.017477	-0.957275	0.361088	1.729493	1.107445	-0.742526	
-0.206612	-0.572829	1.779610	0.312935	-1.170136	-0.343288	0.258831	0.084555	-0.904362	
1.128825	-0.450425	0.372922	-1.088458	-1.460025	0.539397	-1.459250	-0.271823	1.761919	
-0.269997	1.265398	0.487450	0.379124	0.509577	0.912803	0.340402	1.334311	-1.029244	
1.441394	0.219601	-1.151176	-1.062474	1.630474	0.130221	-1.887092	-0.074168	0.574580	
-0.309133	-1.285331	-1.302388	-0.071469	-0.965955	-0.079165	0.426464	0.315319	1.408499	
1.034043	-1.589559	0.274802	-0.901763	-0.599076	0.094758	-1.343647	0.081047	1.126304	
1.350520	-1.488461	0.451669	-1.048026	-0.569395	-0.362380	-1.764303	0.205680	0.807188	
0.867985	-0.199037	0.507214	-0.431493	-0.106857	0.993914	-1.151508	0.199922	-0.719950	
-2.484404	-0.592682	0.099755	1.771792	-0.994957	0.202994	3.256937	0.692264	-0.685881	
1.256638	-2.004173	-0.662598	-1.484378	1.231492	0.772842	-1.604669	-2.083841	3.356731	
1.798864	-0.174623	-0.255704	-1.325002	-1.010895	0.609380	-2.355167	-1.318395	0.712123	
1.543651	2.592811	0.797364	-0.958371	-1.081991	-0.464201	-2.034006	0.400973	-0.303067	
0.929895	0.814366	0.706644	-0.489648	-0.417513	-0.682533	-1.231653	-1.375068	-0.631201	
-1.840625	0.531804	0.745664	1.320585	0.694939	0.412194	2.412398	-0.120203	-0.548648	
0.062122	-0.341523	0.948647	-0.222036	-1.879554	-0.829589	-0.068529	-0.845253	0.926626	
0.607254	0.309873	0.187391	-0.868453	-0.497621	-0.195678	-0.764457	0.820491	2.395528	
0.610941	0.208345	-0.567338	-0.153251	0.256199	-0.121060	-0.821431	-0.452158	-1.276661	
1.234719	-1.484789	1.201693	-0.543483	0.223606	0.766239	-1.643143	-1.308383	-1.383976	
1.138385	0.130702	0.659747	-0.765702	-1.906233	0.443321	-1.495722	1.232955	0.078097	
-1.744175	-1.305142	1.153684	1.159768	0.012901	1.279901	2.292642	-1.168908	-0.051083	
0.701208	0.287910	-0.463122	-0.252838	1.479420	-0.454306	-0.937209	-0.580848	-1.071562	
-0.477640	2.043733	-0.434655	0.071303	0.386721	1.353609	0.645728	1.525551	1.246342	
-0.853121	-0.240170	0.147549	0.773250	1.186468	-0.044250	1.106429	0.677830	-1.078992	
2.067854	0.323344	0.140608	-1.521219	-0.673553	2.427155	-2.707482	0.267836	0.808807	
0.750982	-0.454113	-0.001621	-0.267075	-0.232250	0.234445	-1.004005	0.675998	-1.166611	
-1.394113	1.024667	-0.470701	0.932572	-0.153427	-0.542305	1.832096	0.230172	-0.069351	
1.036101	-0.655815	0.645037	-0.657651	0.468375	-0.894243	-1.364182	-0.241495	-0.129777	
-0.368571	-1.165994	0.051017	0.037009	1.027270	-0.815009	0.499584	0.276948	1.053909	
0.192774	-1.255901	0.352592	0.065800	-1.567551	0.752354	-0.267484	1.877106	-0.986980	
0.014117	-0.266976	-2.225163	0.199023	-0.244441	0.182337	-0.033695	0.873351	-1.066042	
-3.182796	0.030922	-0.267446	2.435220	0.406532	-0.758633	4.160485	-0.135002	-1.724843	
-0.626224	-0.092012	1.031334	0.618128	0.123387	-0.203882	0.808491	0.473577	-1.050604	
-0.452482	-0.796135	0.503742	-0.103955	0.654653	0.613553	0.624173	0.830555	2.058287	
0.364702	-1.148466	-1.642077	-0.697395	-1.310248	-0.499807	-0.446343	-0.684309	2.338397	
0.549545	0.797131	1.270404	-0.073664	-2.015953	-0.239834	-0.743545	1.449408	-1.476811	
-1.254056	0.780169	0.736827	0.763335	-1.215369	-0.264751	1.653526	0.752532	0.324202	
-0.567926	2.394605	-0.297254	0.584556	0.363210	0.368191	0.731484	0.754529	-1.075465	
-1.300409	0.616398	-0.978183	1.085481	-0.160538	-0.807877	1.693294	-0.841258	-1.167886	
0.952802	-0.287379	-0.792747	-0.654952	-1.075271	-1.397126	-1.250863	-0.428943	0.137400	
-1.638097	-0.552660	-0.880215	1.128442	2.132694	-1.370522	2.150359	0.237776	-0.248612	
-1.007496	-0.881974	1.288696	0.849225	-1.026693	0.769473	1.311285	-1.139001	-0.947015	
0.140552	-1.831135	-0.893868	-0.561519	0.103222	-1.214065	-0.150751	1.144461	2.399225	
0.519813	-0.491755	-0.744633	-0.048409	-0.519819	1.178295	-0.704861	-1.002390	-1.505751	
0.781658	-0.454133	0.529377	-0.308685	0.291009	1.127523	-1.042787	1.482336	-1.057168	
0.064220	0.080183	1.332372	-0.163464	-0.441601	0.697985	-0.075643	0.930832	0.619827	
-1.494004	-1.817983	0.338971	1.168625	1.090208	0.661889	1.951076	0.863903	-0.940296	
1.178699	1.489158	-0.074612	-0.806530	1.728346	2.476261	-1.547694	-1.143891	0.151032	
-1.116645	0.815291	0.193139	0.569274	0.470153	-0.250361	1.480364	-0.123953	0.853705	
-1.305419	0.842201	1.100595	0.782406	0.637478	0.045265	1.722135	-0.304054	0.399875	
-1.337060	-0.336611	1.104125	0.842535	1.356715	-1.402216	1.760887	0.408731	0.198924	
-0.825111	0.519105	1.039664	0.790649	2.400859	0.589311	1.066995	0.996249	-1.262507	
0.421327	-1.806499	0.418161	-0.368593	-0.462632	-0.020967	-0.547393	-0.308866	0.464877	
-1.486927	1.832693	0.382644	1.169627	0.710055	-0.451252	1.941360	1.450035	-0.969298	
-0.147869	-1.340457	-1.084483	-0.052469	-0.094034	-1.024866	0.205320	-0.684763	0.767289	
1.939398	0.800859	-0.854193	-1.521460	1.078231	0.009102	-2.532411	-0.525540	1.243354	
0.869608	-0.376665	-0.209162	-0.615272	0.573034	-0.852079	-1.140371	0.919671	0.214990	
1.171095	0.430122	-0.992828	-0.774263	-1.826984	1.242855	-1.539676	-0.709017	0.011565	
1.022004	-0.113882	-0.339372	-0.871862	-0.115122	1.899368	-1.329412	-0.936751	1.013913	
0.570226	-0.100614	-1.805962	-0.045590	0.583603	-0.251315	-0.773767	1.328874	-1.690232	
-0.760694	2.321347	-1.641320	0.678108	1.342924	-0.529169	0.987384	1.553722	-0.903922	
0.764325	0.833794	-0.348437	-0.300997	0.588653	0.495935	-1.019725	-0.867642	-1.038042	
0.801233	0.081633	0.646698	-0.391796	2.415450	1.146813	-1.063425	-1.670827	-0.697911	
-1.158851	-0.434869	-0.104923	0.955674	1.145219	0.504248	1.509814	-1.020322	-0.981166	
-1.102970	0.131588	3.132089	0.870778	-2.372991	0.958800	1.439827	0.343867	-0.735247	
2.063564	-0.916747	-0.976306	-1.494973	-0.926858	0.793599	-2.703542	-0.543115	0.688977	
-0.008102	0.652572	0.858544	-0.376762	-0.444678	-0.331348	0.038408	0.032384	1.955256	
0.117251	-2.410398	1.363217	-0.490826	0.307955	1.217647	-0.124133	1.586267	2.116082	
0.066193	0.919819	0.448512	0.482297	-0.562917	1.811486	-0.125237	-0.140415	-2.691242	
0.261080	-0.951497	-0.299403	0.106734	0.348936	1.020955	-0.363541	1.390345	-1.426860	
0.542973	0.082171	-0.003641	-0.487442	0.858418	1.081765	-0.704533	1.107097	0.662696	
-0.959653	-0.503862	1.482068	0.815338	-0.896384	-1.313817	1.248549	-0.179514	-0.935001	
0.150162	1.855712	-1.101640	-0.154237	-1.548613	0.050057	-0.193431	0.674077	0.282708	
-1.649531	0.712559	0.099822	1.125908	-0.322568	0.450131	2.166124	-0.810009	-0.197080	
0.172458	0.324638	0.372389	-0.498449	1.783741	-0.440314	-0.198812	-0.236044	1.968862	
0.542377	-1.731491	-1.002004	-0.080962	-0.620807	-0.167506	-0.733246	-1.339762	-1.415288	
0.735067	0.336653	-0.588511	-0.674115	1.146207	-0.288081	-0.952751	0.597541	0.969936	
-0.899995	0.379568	-0.687111	0.745052	0.421926	-0.550359	1.172355	-0.213754	-0.776578	
1.860007	1.085706	0.552795	-1.468593	1.032160	0.427147	-2.428060	1.272917	1.240637	
0.900796	1.488573	-2.014914	-0.431263	-1.845471	-0.231294	-1.196239	0.366087	-0.831805	
-0.267621	-1.403600	-0.693361	-0.144316	-1.278520	-1.450477	0.375184	-0.603096	1.641235	
-1.089112	0.465851	-0.008607	0.959490	0.132591	-0.403202	1.414499	1.285476	-1.235939	
0.164772	1.247960	0.059059	0.377839	0.234573	0.598015	-0.251988	-0.061576	-2.489252	
0.939173	0.704268	0.643506	-0.503208	-0.281042	-1.239626	-1.243311	-0.267101	-0.593115	
-0.320381	-2.041178	0.778140	-0.101694	2.259239	0.785669	0.443987	-1.075351	1.601106	
-0.149697	-0.418278	-0.050891	0.287925	0.135050	0.991877	0.183087	1.755494	-0.968371	
1.900093	-0.526690	0.806345	-1.417999	1.726129	-0.382508	-2.486363	-0.640519	0.846521	
-1.258274	-0.983033	0.609257	0.968975	-0.837910	0.444000	1.644336	-0.925836	-0.713850	
-0.822983	-1.511602	-0.837790	0.398599	0.345592	1.117213	1.092572	-0.660194	0.736467	
0.546037	1.706649	-1.333601	-0.632962	-0.367926	0.449080	-0.698138	1.037387	1.397002	
-1.055431	-1.396546	-0.280996	0.922501	1.308605	2.120532	1.371287	1.811114	-1.160277	
-0.665444	0.132089	-1.330449	0.271314	-0.111216	0.302686	0.887130	0.741954	0.856376	
-0.375637	-0.636641	-0.173274	0.501046	0.215395	-0.963044	0.475508	-0.475070	-1.296774	
0.075558	1.554804	1.889046	-0.418269	-0.433500	0.325242	-0.072586	-1.612390	1.885442	
0.521161	-0.878715	0.491904	-0.023188	0.015785	-2.011741	-0.708530	0.889683	-1.639357	
0.922834	-0.598551	0.439438	-0.449825	-2.022504	-0.427172	-1.224923	0.706444	-0.811162	
-0.517910	-0.074978	-0.317000	0.018973	-1.662320	1.400217	0.704407	-0.779144	1.649958	
0.898527	-0.142581	-1.355370	-0.466545	1.374729	0.230760	-1.190584	0.119406	-0.643613	
1.498980	0.733492	0.767427	-1.096731	-0.489674	-1.643239	-1.963079	-0.232057	0.555627	
-2.243223	0.374952	-1.225581	1.615263	1.108471	-0.879099	2.939636	-0.238897	-0.698474	
-0.086005	-0.725120	-0.203592	-0.372144	0.968972	0.539719	0.144235	-0.609360	2.194410	
1.199139	-1.391320	0.395994	-0.768815	0.440499	-1.722311	-1.578289	0.746188	-0.110913	
-0.978830	-0.906968	-1.809904	0.872211	-0.330770	-3.289746	1.270551	1.484886	-1.161336	
0.173465	2.315917	-0.316418	-0.246738	1.258685	0.152635	-0.218468	-0.364197	0.677440	
-0.900983	-0.570006	-0.257266	0.381620	-0.059247	-0.838972	1.200099	-1.855719	1.086463	
0.913570	0.081168	-0.343641	-0.403403	0.812380	-0.403801	-1.215670	1.082494	-1.017459	
0.528277	-1.262482	-0.113850	0.028223	0.550518	0.003065	-0.721962	0.676595	-1.926432	
-0.205689	0.138703	-0.235410	0.378927	-0.317844	-0.782841	0.252779	-1.703155	-1.245160	
1.277353	1.208318	0.411293	-1.019886	-0.298809	1.133141	-1.666638	-3.262336	0.910007	
0.117865	1.401893	-0.551083	0.103636	-0.563761	0.714736	-0.168149	0.210726	-0.927906	
0.544372	-0.271794	0.201689	-0.036123	0.429533	1.054353	-0.739221	-0.537780	-1.651463	
-0.443592	-0.362128	0.382993	0.474479	-1.072969	-1.197449	0.570042	-0.499891	-0.931602	
-0.909953	-0.422932	0.451804	0.486063	-1.774936	-0.891540	1.204738	0.514470	0.582282	
-0.612254	-0.761586	-1.176042	0.181211	-1.586289	-0.925424	0.821190	0.071533	1.138018	
1.166787	-0.626889	-0.768018	-0.781486	-0.376081	-2.993143	-1.533280	-0.555775	0.063059	
-2.561396	-1.329265	-1.099775	1.865739	0.492366	-0.635592	3.355034	1.093001	-0.906902	
0.636051	-0.768454	0.042773	-0.691234	-0.699742	0.192043	-0.816573	0.569970	1.391541	
-1.220001	0.163119	0.532543	0.700875	1.918490	-0.255404	1.611654	-0.413019	0.528940	
-1.636963	0.491008	-1.414287	1.052109	0.163230	-0.347758	2.154358	0.625826	0.138165	
0.617601	2.753621	1.498637	-0.600707	-0.280880	-1.780357	-0.798006	0.400441	0.990543	
-0.247926	0.595696	0.062316	-0.113065	0.161876	-1.059114	0.346075	-1.558677	1.414883	
-0.582070	1.443767	-0.170498	0.621037	0.667628	0.174150	0.748108	0.654990	-1.214429	
0.499462	1.434138	-1.369148	0.022020	-0.315842	-2.167501	-0.682244	-0.806114	-1.797493	
0.203446	-1.763406	1.369884	-0.471095	0.363978	1.313459	-0.243028	-0.394570	1.724361	
1.167257	-1.286587	0.042517	-0.755660	-0.088723	1.171826	-1.535797	-0.201441	-0.070681	
-0.770269	1.106066	1.702176	0.307842	1.957237	0.895784	1.027327	-0.439599	1.023062	
-1.817774	-0.334410	0.426909	1.358157	1.152994	-0.138513	2.378529	0.072367	-0.817986	
0.573469	0.113784	-0.350600	-0.558041	-0.497354	1.030451	-0.740964	0.890831	0.921087	
1.321574	1.464819	-1.535106	-0.982532	0.228244	-0.455311	-1.729614	-1.162979	0.569694	
2.212566	1.372794	-0.009652	-1.599812	-0.649030	0.770613	-2.898981	-0.268640	0.722821	
-2.744398	0.624735	0.903987	2.050263	0.522359	-0.543030	3.591018	0.061112	-1.233816	
-1.999012	0.115826	-0.367812	1.463780	-0.245222	0.561183	2.617840	0.104447	-0.747109	
-0.358330	2.356933	-0.213818	-0.032897	1.007553	0.090126	0.490705	0.073167	1.377074	
1.126479	0.838962	0.100322	-0.776557	0.323671	0.691035	-1.478709	-2.183197	0.173808	
0.923033	0.484067	-0.679459	-0.554087	0.679627	1.503345	-1.217620	-0.860238	-0.278318	
0.463603	2.227229	-0.403717	-0.268191	0.609514	1.304601	-0.612297	-0.855733	-0.191497	
-1.291135	-1.031177	-0.170549	0.821076	-0.831795	0.679184	1.699860	0.218037	0.153810	
0.842446	0.617432	0.564890	-0.817796	0.346617	0.086849	-1.088645	-1.061595	1.342945	
0.743673	1.070839	0.497783	-0.281429	-1.176351	-0.082750	-0.993002	-0.866843	-1.068503	
0.844709	0.594237	0.412149	-0.424749	0.907210	-1.403892	-1.120279	0.428201	-0.675942	
1.647158	-1.535951	-0.078789	-1.285876	0.645335	0.373681	-2.151271	-0.527476	1.023653	
0.076441	-0.918548	-0.387065	-0.531238	-1.952222	0.843856	-0.065583	-1.323783	2.460536	
0.113008	-1.478418	0.446152	0.181307	0.501259	0.841961	-0.167171	1.202474	-1.308969	
1.258381	-1.586828	-0.011600	-0.509316	-1.361322	1.774889	-1.677871	-0.002068	-1.638632	
-2.345064	-1.680783	0.642153	1.728071	2.378468	-0.648053	3.070226	0.029464	-0.932187	
1.870563	-0.724150	1.183434	-1.323081	0.901713	0.492858	-2.453015	-1.003072	0.460431	
1.058353	-0.406918	0.658388	-0.612000	-1.466238	-0.691192	-1.397822	0.111650	-0.438440	
-0.589940	0.326238	1.547892	0.595318	-0.172645	-0.170714	0.760702	-2.692613	-1.056276	
1.039296	-0.270834	1.587201	-0.421843	1.217267	-0.561566	-1.385664	0.303726	-1.347203	
0.303896	2.067184	-1.170329	-0.723524	-1.479295	-1.511442	-0.361581	-0.522321	2.677220	
1.198985	-1.322422	0.834890	-0.803354	-1.157922	1.135370	-1.575570	0.617713	0.066347	
-0.596155	-0.948593	0.246651	0.621314	-0.950251	-0.675056	0.767283	-0.144951	-1.168335	
0.811935	-2.431195	-1.795383	-0.353059	-0.999835	0.833557	-1.080823	0.187205	-0.932232	
-0.399371	0.152835	0.281394	-0.038933	1.747908	-0.293503	0.547073	-0.433060	1.546409	
0.471820	0.489538	-1.847326	-0.345215	-0.070059	1.467243	-0.617900	0.761174	0.174925	
0.533878	-0.791471	0.265375	-0.366544	1.419003	-1.571218	-0.700921	-0.324466	0.074728	
-0.505557	0.505687	1.182316	0.539121	-0.166472	-0.382681	0.649791	-0.147336	-1.053356	
0.446837	0.726893	-0.231593	0.056820	2.130910	-0.522385	-0.613056	0.821551	-1.798046	
1.013553	-1.603232	-1.288933	-0.440867	-1.130102	-0.077409	-1.349201	-1.537271	-1.163018	
0.707217	0.144426	-0.209677	-0.648294	0.641292	-1.039055	-0.916673	1.168571	0.931753	
-0.392047	1.247176	-0.183086	0.478435	0.733766	-1.593486	0.499512	-0.015291	-1.125719	
0.859668	-0.464299	-0.975043	-0.382444	-0.114024	0.294647	-1.143738	1.138228	-0.942883	
-2.441692	0.333154	-0.584230	1.731893	-0.953990	-1.777081	3.201629	-0.801313	-0.625794	
1.390716	0.180094	0.538151	-1.233742	0.450455	0.308102	-1.805590	1.380270	1.621926	
0.416607	0.838500	-0.358974	-0.045662	-0.353860	0.087043	-0.564416	-3.266375	-1.171665	
-1.887660	-1.266202	-1.668971	1.239962	0.575099	-0.622045	2.482352	-0.207617	0.022572	
-0.860797	0.896485	0.054898	0.380851	0.277241	0.169797	1.145392	-0.636573	0.954842	
0.621749	1.313604	0.917381	-0.691788	0.285543	0.366630	-0.797042	-1.393712	1.442621	
0.937741	0.631092	1.340236	-0.478621	1.551254	1.451259	-1.243146	0.730100	-0.714100	
0.249821	1.947647	0.266897	-0.306368	2.404578	0.597957	-0.318191	0.682928	0.725001	
-1.806578	-0.642082	0.155791	1.329740	0.184213	-0.097155	2.365335	-0.765150	-0.710347	
0.731030	0.985066	0.829802	-0.302870	2.251187	1.624205	-0.974216	0.916545	-0.916144	
1.735379	0.522015	-1.959099	-1.238830	-1.251405	-0.052864	-2.274912	-0.635796	0.485321	
0.587018	-0.620399	-1.614211	-0.554359	0.391147	0.115066	-0.759695	-1.032322	0.856541	
-1.501458	-0.166787	1.424470	0.921504	0.766924	-0.665406	1.979184	-0.727121	0.349386	
-1.192944	-0.863330	3.423723	1.086216	-0.271288	0.304790	1.546791	0.881732	-1.534157	
0.972016	0.317814	-0.447621	-0.539423	-0.944863	0.419943	-1.285438	-1.115692	-0.518583	
0.205566	1.101985	-0.356019	-0.542769	-1.013479	0.006896	-0.240711	0.978387	2.083970	
-1.157026	-0.053032	0.896925	0.626649	0.499906	-0.264698	1.531226	0.666553	0.696329	
0.830610	0.015458	-0.977698	-1.111653	0.015664	-1.734697	-1.051171	0.488455	2.886569	
0.364093	-0.364892	-0.211732	0.165115	-0.294469	0.210337	-0.508163	-0.521023	-2.073089	
1.852917	-0.514910	1.361242	-1.455960	-0.769602	0.124989	-2.419317	0.668280	1.199906	
0.781337	-0.030337	-0.552868	-0.516980	-0.807680	-0.474048	-1.027219	0.490504	0.009780	
-1.324795	-0.648439	-1.210776	1.034080	0.240157	-1.035224	1.730259	-2.182060	-0.822605	
0.766058	-0.761471	-0.698001	-0.311553	0.385640	-0.293799	-1.021320	1.532935	-0.989869	
-1.659332	1.206099	0.185716	1.213161	-1.849724	1.478028	2.173144	0.436778	-0.610497	
1.938650	-0.561662	0.017290	-1.361747	0.527882	-1.698420	-2.542993	0.513489	0.428611	
0.097588	0.440723	-1.250323	-0.295339	-0.969876	-1.067375	-0.111537	0.208664	1.182087	
-0.571870	1.083144	0.262378	0.194247	1.526238	0.229707	0.765209	-0.410066	0.935084	
0.661250	1.090413	-0.119503	-0.531180	1.459203	-0.102647	-0.862539	-0.424321	0.487525	
1.822982	-1.259075	-0.317567	-1.278287	-0.959975	-0.472991	-2.391428	0.448590	0.391720	
0.779228	-0.588894	1.144157	-1.107251	-1.539687	-2.044030	-0.981470	-2.794276	3.037366	
-0.350171	-0.983643	-0.115362	0.002336	1.012492	-0.325611	0.477028	0.599011	1.169264	
1.531036	1.299044	1.708425	-1.162476	-0.375892	0.137935	-2.001988	1.001677	0.783915	
0.273999	0.025774	1.600131	0.269875	2.136935	-1.240235	-0.392997	-0.774126	-2.305246	
0.534279	-0.175386	1.166016	-0.111568	0.432752	-1.333921	-0.719988	1.136866	-1.231358	
0.724108	-2.055770	0.150467	-0.249791	-0.546145	-1.891253	-0.968637	-0.948501	-1.164401	
-0.121120	-1.116576	-0.462363	0.356420	1.788699	0.297796	0.139167	0.047831	-1.415264	
0.690927	0.021491	-0.585321	-0.291459	0.202607	0.217644	-0.920393	0.753376	-0.839254	
-1.422177	0.453983	1.746537	0.955711	-2.214796	0.040929	1.868660	1.210451	-0.093085	
-1.161931	-0.249394	0.900709	0.671058	-1.861159	0.100382	1.534684	0.808292	0.485629	
0.259370	-1.868584	-1.393579	0.267230	0.131869	0.507991	-0.372868	0.697786	-2.242362	
-2.190411	0.768497	-0.082887	1.574526	0.132396	0.226533	2.870625	-0.083855	-0.668170	
-1.006779	-0.835548	-0.662142	0.514577	-0.871611	-0.667269	1.334615	-0.300730	0.762987	
-0.118951	0.381170	0.095023	0.305159	-0.297315	-0.257255	0.139936	1.104395	-1.160275	
0.993570	0.455518	-1.279672	-0.535143	1.081167	-0.246768	-1.315122	-0.403676	-0.613193	
0.649501	-0.229731	0.661494	-0.158526	1.420791	0.041676	-0.873596	0.526400	-1.379742	
0.444835	0.456597	1.069444	0.026387	-1.622924	-0.165466	-0.608118	1.048655	-1.635567	
0.868980	-0.600985	0.216404	-0.358734	0.054513	-0.701087	-1.158150	2.702126	-1.095620	
-0.664232	-0.866315	1.096115	0.156858	0.936048	-1.544991	0.893792	1.429903	1.437972	
-1.149499	-1.616762	0.560565	0.624405	-0.348520	-0.348744	1.521132	-0.253546	0.682424	
1.213872	-0.461024	-1.532408	-0.674479	-1.326528	0.653797	-1.605218	-1.822130	-0.643334	
1.471189	0.530822	0.940160	-1.083855	-0.833881	1.719050	-1.926143	-1.038493	0.583480	
-0.050573	-0.860957	0.589207	-0.359887	-0.139446	0.542022	0.095060	-0.262306	2.012169	
-0.394819	0.808740	-0.334215	0.046725	1.542378	-0.000458	0.534648	-1.174452	1.092732	
-0.090877	-1.312307	1.620181	-0.243737	-0.295759	0.315738	0.141548	0.626891	1.553776	
0.948185	-0.816712	-0.480740	-0.499659	-0.588423	-1.360878	-1.255851	0.552564	-0.641674	
1.044116	-1.028936	2.089544	-1.215921	1.080879	-0.388689	-1.334554	-0.582294	2.699904	
-0.589294	-1.239109	-0.060474	0.660402	-0.454534	-0.226499	0.755094	-1.917035	-1.391494	
0.643224	-1.271757	0.378630	-0.741542	-1.054321	-0.967191	-0.822694	-0.117921	1.624773	
0.378573	-1.061972	-0.302326	-0.020355	0.704130	-0.309541	-0.514424	-0.854847	-1.172864	
0.479872	0.476802	1.493136	0.011018	-1.453944	1.586319	-0.654749	-0.174895	-1.675114	
-0.116853	-2.539616	-1.240810	0.272759	0.464652	-0.981966	0.139429	0.728689	-1.001559	
0.851311	-0.847429	0.680836	-0.342216	-0.070953	0.424041	-1.135271	-1.528435	-1.120546	
-0.205729	0.461369	0.300377	0.360387	0.335469	-1.113682	0.254181	-0.076070	-1.150155	
-1.702361	-0.244701	0.410521	1.137967	1.331953	-1.200887	2.237243	0.069317	-0.080576	
-1.817550	-0.282240	-1.877461	1.237755	-0.144066	1.478932	2.386969	0.912294	-0.202638	
0.881422	-0.571362	0.061456	-0.628578	0.400078	-0.604273	-1.155504	0.270323	0.243228	
-1.714175	1.342889	-0.100879	1.124746	-1.116928	-0.426528	2.254303	-1.299282	0.026933	
0.727134	-0.394101	0.852473	-0.322297	-0.216079	0.072289	-0.967495	1.905389	-0.803590	
0.196595	-1.256692	0.977256	-0.514517	1.290285	0.977355	-0.230538	-0.671154	1.969665	
1.280498	-0.955334	0.619311	-1.191815	-0.604359	1.455017	-1.658436	1.405344	1.779174	
0.070824	-0.569018	0.827347	-0.302220	-0.981469	0.330829	-0.074563	-0.983019	1.307580	
-0.545053	0.155205	0.628403	0.091398	0.575447	0.765917	0.736135	2.075204	1.370911	
0.996230	1.921126	0.456392	-0.537191	-0.851657	0.362591	-1.318598	-0.622591	-0.611688	
-1.197910	-0.411293	-1.023723	0.688935	-0.166554	1.148792	1.582416	-0.764240	0.515520	
2.146442	0.526406	-1.967176	-1.508493	0.628899	0.920063	-2.815503	1.320237	0.478590	
0.414521	-1.058642	0.109304	-0.704706	-0.976242	-1.545144	-0.513703	0.870974	2.207761	
0.512515	0.882867	-0.833605	-0.859696	-0.535848	-0.378529	-0.635987	1.624250	2.670297	
1.216217	-1.807266	1.735500	-0.816506	-1.422213	1.081248	-1.598097	0.016197	0.075520	
-1.272374	-1.760130	0.395825	0.791388	-0.868649	-0.268487	1.676450	0.369912	0.242442	
1.556673	0.556655	-1.737809	-1.208945	-0.047375	-1.055331	-2.033550	1.576089	0.935221	
-3.414840	0.023760	-0.482210	2.289515	0.978881	0.266772	4.487288	0.513309	-0.196515	
1.507227	-0.372856	2.086314	-1.779154	-0.420010	-0.583290	-1.924749	-0.910613	4.019823	
0.966528	0.344572	-1.051356	-0.611413	-0.164468	0.682353	-1.272730	-0.945252	-0.131693	
0.057392	-0.476411	0.653237	0.502937	2.042055	0.849017	-0.114743	-0.852523	-2.767171	
0.909718	-0.556038	0.501767	-0.655276	1.263734	-0.058276	-1.192125	-1.328813	0.284390	
-0.735869	0.826163	-0.532668	0.339340	1.715853	1.897657	0.978160	0.305210	0.745843	
0.875733	-0.902700	0.079925	-0.381142	-0.247412	-1.245184	-1.165725	0.490671	-1.003737	
-0.815114	-0.456466	-0.342326	0.320807	-0.823029	-0.846760	1.087498	-1.169582	1.107991	
0.879697	-1.718137	1.665070	-0.440150	0.998148	1.322585	-1.166840	2.153352	-0.715157	
0.897772	1.217995	0.491218	-0.457402	0.697178	1.665454	-1.190220	0.803436	-0.687854	
0.108150	-0.430893	-0.376716	-0.332112	0.555054	0.521043	-0.123259	-0.136718	1.334629	
0.347455	1.664826	0.352608	-0.629015	-0.753104	-0.196125	-0.427807	-0.951608	2.046670	
0.685479	-0.532084	1.745247	-0.987923	1.134007	-0.118116	-0.862380	-1.213062	2.742995	
0.581924	-0.008012	1.316932	-0.148097	-1.296511	0.169100	-0.782262	-1.650342	-1.205154	
0.817387	-0.064459	-0.488375	-0.388407	-0.896667	0.225375	-1.085685	-0.708115	-0.769743	
-1.107440	-0.473892	0.837011	0.580488	1.530620	0.482994	1.467004	0.720307	0.765271	
-0.444564	-0.838432	0.399709	-0.002997	-0.388980	0.464811	0.606050	-1.380466	1.514968	
-1.896927	0.691557	0.852381	1.329486	0.530767	0.556403	2.488477	1.025541	-0.404274	
-1.380061	1.065397	0.848641	1.123421	-0.657931	0.771117	1.799084	-0.079665	-1.093343	
-2.201283	-0.016155	1.346836	1.542155	1.512662	-0.151905	2.887792	0.135542	-0.465852	
-1.803905	0.195570	0.665749	1.331738	0.488613	-0.034093	2.361547	-0.187286	-0.729586	
-1.061060	0.502413	-1.026887	0.573816	-1.592922	0.571728	1.404286	-0.683016	0.642964	
-0.369128	-0.384198	-0.371932	0.472941	1.961902	-0.298373	0.468678	-0.190452	-1.174917	
0.647567	0.184631	-1.515327	-0.159510	2.580421	-2.100441	-0.870889	-0.173348	-1.368184	
-0.487561	0.821558	0.989560	0.524058	1.149342	1.926238	0.626361	-0.388770	-1.036982	
-0.044958	-0.346914	0.872104	0.247976	-0.400033	1.614507	0.043255	-0.326258	-1.117259	
-0.256755	-1.261211	1.053006	-0.141601	0.113710	1.456209	0.360180	-2.058448	1.590685	
0.475370	0.710026	-0.386173	-0.037880	-0.851954	0.967075	-0.645062	-1.737928	-1.409711	
0.843051	0.349578	0.020796	-0.905292	0.408732	1.914926	-1.083114	-0.589897	1.788635	
0.042329	0.412438	0.886971	-0.462937	2.429467	-0.516064	-0.024058	0.811172	2.226104	
-0.878256	1.576219	0.000455	0.778806	-0.999493	1.778634	1.140278	0.796195	-1.022638	
1.284295	-0.485697	-1.624918	-0.939148	0.715713	0.105255	-1.681963	-0.233673	0.473447	
-0.994883	-1.677065	1.511106	0.534154	-0.169591	-1.037487	1.316982	-1.048025	0.622681	
-0.482905	0.724067	0.184907	0.053677	0.525213	-0.656501	0.654182	1.813953	1.354296	
0.173840	0.417685	-0.691695	-0.522563	-0.516609	0.885073	-0.198945	0.815274	2.087594	
0.549844	-1.289508	-0.923962	-0.836552	-0.451703	0.315537	-0.688538	1.948562	2.425948	
0.891251	0.429961	0.300694	-0.465320	0.320812	0.921902	-1.180758	-1.836830	-0.625335	
-0.146914	-2.057316	-0.991905	-0.259656	-1.630431	1.063794	0.219068	-0.122033	1.824263	
0.324101	0.187049	0.648965	0.147427	0.272209	2.117827	-0.452379	0.049869	-1.847677	
0.592669	1.308978	1.964733	-0.055504	1.825281	-1.010190	-0.803631	-0.538542	-1.715205	
-1.456142	-0.870975	0.113780	0.945205	-0.595750	-0.299297	1.915708	-0.465440	0.075245	
-0.753151	-0.552905	-0.188576	0.363868	-1.286933	0.009893	0.999930	0.273561	0.678625	
-0.245141	-0.380943	-0.824095	-0.122258	-1.042378	-1.272384	0.342948	-0.390107	1.452528	
-0.764207	-0.121996	-0.930200	0.648369	-0.741879	-2.302266	0.994332	-0.682520	-0.739891	
0.489097	1.028410	0.656796	-0.033314	0.738532	-0.790742	-0.664100	0.490004	-1.479383	
-0.267960	0.765681	-0.842167	0.368708	0.365070	1.987715	0.338382	0.216635	-0.982813	
-0.582384	-0.395572	0.858515	0.018509	0.347605	0.657013	0.792303	1.081836	1.869818	
-0.671421	1.308806	-0.424637	0.175286	-0.325240	-0.593382	0.902250	-0.102207	1.367922	
-0.673126	1.376746	-0.507617	0.270766	-1.459505	0.752759	0.897638	-1.372706	0.885092	
0.520656	0.416685	-0.520163	-0.093285	1.262652	-0.128093	-0.702751	1.362303	-1.278961	
0.790646	1.252997	0.640842	-0.680859	-0.582281	0.989723	-1.028001	-2.141911	0.816961	
0.836020	1.527750	0.383094	-0.605610	-0.972489	1.765920	-1.095302	0.582550	0.278849	
-0.468512	-0.457543	0.136783	0.513713	1.520860	-0.249153	0.601152	2.007769	-1.048304	
-0.808821	1.196702	-0.167360	0.732634	0.130866	0.519780	1.049009	1.808750	-1.020589	
1.149679	-0.141170	0.117527	-0.897988	1.080786	-0.484041	-1.501504	0.943694	0.716918	
-0.441467	0.664683	0.697732	0.483119	2.276851	-0.075956	0.566519	-1.330525	-0.982985	
0.773080	-1.053882	0.012018	-0.363611	0.483848	2.039166	-1.027107	0.671925	-0.747169	
1.143418	0.558110	0.293959	-0.742203	0.435673	0.970911	-1.504287	1.285804	-0.059123	
0.141120	0.605529	0.089179	0.095634	-1.352476	1.665445	-0.199258	0.501449	-0.965401	
-1.427841	0.395976	-0.304857	0.905455	-0.687617	0.600337	1.880028	-0.743070	0.183183	
0.162670	0.398552	0.908316	-0.268636	0.071820	-2.362427	-0.202167	-0.214964	0.825905	
0.606184	-0.134639	-1.504032	-0.140972	0.765627	0.769006	-0.815840	-1.017249	-1.323446	
0.732148	0.028009	-0.922450	-0.245271	0.857255	-0.182539	-0.979923	-0.838514	-1.214653	
0.585809	-0.595731	0.053696	-0.497683	-0.417104	1.846651	-0.762164	1.359637	0.570603	
-0.139392	0.373451	0.797498	-0.348022	0.635872	0.787715	0.215236	1.171696	2.251065	
-0.456744	-0.273888	-1.142552	-0.009069	-0.586607	-0.687351	0.623088	-0.996092	1.587121	
0.950889	-0.252451	-0.502560	-0.987301	1.921211	0.138704	-1.224114	-0.206669	1.844514	
-0.101953	0.724251	-1.116686	0.268972	0.551292	0.250945	0.119400	1.157084	-1.032441	
0.566454	0.814052	0.470127	-0.080017	0.715864	-1.205841	-0.766127	-1.153512	-1.501344	
0.663963	0.663852	-0.843613	-0.229464	0.924377	-0.329819	-0.888151	1.231637	-1.065530	
0.225922	-0.645775	1.784452	0.025203	1.576164	-0.757798	-0.309708	-0.166412	-0.891060	
-0.043309	0.481804	-0.551886	0.357043	-1.258619	0.515606	0.033085	-0.437745	-1.680928	
-0.071520	-0.169915	-1.459576	0.286041	0.873208	-1.455676	0.076688	1.118945	-1.222440	
0.732479	-1.899192	-1.775923	-0.270374	-1.058054	-0.852646	-0.978550	-0.540856	-1.087312	
1.830763	-0.584893	-1.377308	-1.251210	-2.217352	-0.736167	-2.403998	-1.192748	0.226918	
-0.132603	1.065313	0.489233	0.355776	0.577955	0.586030	0.154863	-1.174122	-1.373234	
0.734741	-0.335638	0.778575	-0.309055	-0.266028	-0.865283	-0.978823	0.206122	-0.897010	
-2.191930	0.591635	0.171643	1.594538	-0.473002	-0.468696	2.871242	0.918383	-0.765447	
-0.479341	0.532553	0.565834	0.097322	-0.346717	1.530124	0.646156	0.528536	1.118935	
-1.946613	-1.519863	-0.429153	1.359166	-0.525171	-0.442537	2.554031	-0.240306	-0.388544	
-2.246081	-0.658529	1.409768	1.632823	1.253827	0.545517	2.942255	-0.223458	-0.778689	
-0.495119	-0.245717	0.543098	0.556006	0.330487	1.819653	0.634340	0.122828	-1.174967	
0.279799	-0.691665	1.022184	-0.381850	0.163041	0.156669	-0.353561	0.081800	1.010124	
-1.088780	0.481342	-0.969430	0.614128	-0.972221	1.903746	1.439132	0.091868	0.530189	
1.728889	0.935940	0.077775	-1.251225	-1.083318	2.022433	-2.265168	-0.073385	0.570639	
1.445223	0.936943	-1.345257	-1.085886	-0.140403	-0.192164	-1.890610	0.232086	0.681464	
0.694568	0.411092	-0.272473	-0.265503	-0.856361	0.235604	-0.927241	1.424423	-0.984355	
0.451256	-1.603225	0.816738	-0.606509	-0.246765	1.181793	-0.570896	-0.081233	1.581356	
0.578869	-1.097037	-0.258539	-0.091311	1.241609	-0.039756	-0.782225	-1.279109	-1.485429	
-2.351338	0.430657	0.507359	1.772460	-0.533200	0.137964	3.075552	-0.876776	-1.138168	
0.755172	-0.749789	0.762786	-0.749727	-0.158113	0.713372	-0.974656	-1.239538	1.289033	
-2.057230	-1.028053	1.331115	1.491616	1.303344	1.058746	2.695155	0.741118	-0.693166	
0.521388	-0.230569	1.233883	-0.681855	-0.359597	-1.431977	-0.660997	0.410711	1.730337	
0.387514	0.227809	0.843094	-0.520160	1.592044	-0.412450	-0.490304	0.201956	1.354520	
0.909930	-1.638277	-0.109974	-0.660577	0.149528	1.212274	-1.192029	-0.522039	0.310805	
-1.612790	0.331995	-0.971176	1.064053	-1.858749	1.355219	2.120549	0.558253	-0.004494	
0.245720	-0.966472	-1.376667	-0.621254	0.879274	0.037652	-0.289729	-1.446594	2.350138	
-0.069801	1.804602	0.278047	0.264632	-0.444571	-1.721840	0.075900	-0.236574	-1.118689	
0.965202	-0.304738	-1.754405	-0.506797	-0.178697	1.444914	-1.278522	1.072402	-0.662551	
0.941803	-0.686175	-0.926967	-0.505078	-0.896896	1.867641	-1.246760	0.036384	-0.592413	
1.543821	0.202583	0.294790	-1.241321	0.332699	-0.038939	-2.013685	2.031346	1.144244	
-1.840512	-0.120098	-0.359375	1.286414	-1.407497	1.745407	2.414727	1.053481	-0.374170	
-1.201409	-0.077471	-0.270593	0.649241	-0.094350	-1.175587	1.590067	0.100032	0.730440	
0.410604	-0.796802	0.804480	0.085566	1.311912	-1.503080	-0.565769	-0.436138	-1.822923	
0.791945	0.918286	1.232364	-0.367990	-0.260373	-0.889571	-1.052498	0.848584	-0.788397	
0.603223	0.511263	0.365696	-0.175800	-0.533771	-0.013969	-0.809276	1.354640	-1.135244	
0.683666	1.041991	0.286710	-0.227510	-0.288114	1.230979	-0.915143	0.250367	-1.141995	
0.378762	-0.563954	-1.242701	-0.435417	-1.107481	0.833048	-0.484533	0.620316	0.950405	
-0.327587	0.311738	1.051200	0.421210	-0.436485	-0.467544	0.415826	0.810626	-1.050332	
-1.466777	-0.200176	-1.104991	1.117509	0.610110	-0.524775	1.917685	0.432147	-0.770576	
0.047678	-1.110091	0.859974	-0.408891	0.329473	-0.155217	-0.035273	0.128132	1.931503	
-1.072587	2.016613	0.728555	0.842267	1.060977	0.856099	1.400493	-1.069143	-0.691844	
0.877957	-0.724589	1.510795	-0.762031	-0.962986	0.005968	-1.141090	-0.637421	0.937805	
1.760868	0.729417	-0.141955	-2.035045	-0.558508	-1.815929	-2.251812	1.082855	4.473644	
-0.101172	-0.362918	1.695677	-0.273896	-1.012305	-0.801369	0.157768	0.151297	1.742830	
-1.212597	0.776406	-0.157545	0.966133	0.908441	0.417371	1.582296	-0.129718	-0.853384	
1.174000	1.486352	-0.668366	-0.819834	1.451798	-0.482229	-1.540324	-1.432718	0.234959	
-0.873232	0.442943	-1.482110	0.414687	-0.584805	-0.147175	1.159880	0.773828	0.823645	
-1.164840	-0.408171	-0.223435	0.372101	-0.363305	0.209510	1.560364	-1.501333	2.025234	
0.447521	-0.297893	-1.573972	0.047722	-1.793402	0.110394	-0.613328	-1.662414	-1.753800	
0.657317	-1.722128	-0.163092	-0.725966	-1.714199	1.907806	-0.843031	-0.249837	1.497531	
0.763354	-0.332444	0.365024	-0.271660	0.663832	0.105320	-1.020532	0.112210	-1.184882	
-1.300957	0.607085	0.035983	0.982220	1.043111	-0.357967	1.701541	-0.193709	-0.637642	
-2.280277	-0.211302	-0.730877	1.634769	-0.064012	0.441878	2.988715	0.607651	-0.673297	
0.336379	-0.306982	-0.775660	-0.280934	1.825601	0.650287	-0.437997	0.462206	0.302869	
-0.344453	1.606285	0.570910	0.483310	0.652162	0.806212	0.434300	0.884917	-1.311211	
-0.146348	-0.237022	0.443535	0.375399	1.274186	0.405182	0.172168	0.826204	-1.427280	
-0.052014	-1.221919	-1.073721	0.292009	2.432984	0.132976	0.049672	-0.056843	-1.318781	
-1.022431	-0.195448	0.284217	0.444669	-0.418831	0.404738	1.361024	-0.947628	1.173517	
0.972112	2.249801	-0.293497	-0.585206	1.304236	0.740972	-1.282243	1.204038	-0.284636	
0.823843	0.344096	0.511048	-0.408176	-0.821198	0.731207	-1.093047	0.988508	-0.690363	
2.059091	1.488833	-0.509157	-1.607280	-0.114040	0.613886	-2.689289	1.239056	1.278748	
-0.249477	1.798503	0.560353	-0.116977	1.353170	-0.045460	0.348473	1.074052	1.440132	
-1.210220	-0.927544	0.653509	0.727418	0.238111	-1.830476	1.596396	-0.730710	0.360125	
0.653520	1.012899	0.219003	-0.950606	-0.399258	-1.915074	-0.821539	-0.204250	2.659846	
0.813875	-0.897381	1.353131	-0.374621	-1.643426	0.498384	-1.081901	-1.262744	-0.828444	
-1.244350	0.830178	-1.050620	0.762487	-1.060619	0.345851	1.640360	-0.136129	0.295801	
0.659720	-0.372714	2.018672	-0.220518	0.035954	0.322613	-0.883019	0.955616	-1.096993	
0.988769	0.258536	0.087229	-0.554160	-1.531850	2.118043	-1.307198	0.118484	-0.499689	
-1.664947	-0.096006	-0.678409	1.094347	-2.563824	0.538582	2.189426	-0.787658	0.016427	
-0.691691	0.892853	-0.523002	0.605128	2.074176	1.208591	0.898651	0.730703	-0.763241	
-1.713591	-0.612474	0.614726	1.278389	0.798412	-1.013117	2.242346	-0.644803	-0.761246	
0.552458	1.657292	-0.539524	-0.089281	-0.579880	0.472094	-0.746381	1.154885	-1.406728	
1.478195	0.962795	0.275270	-1.170264	0.595416	-0.580061	-1.929414	0.173707	1.002009	
-0.746164	-0.292185	-0.655330	0.711395	0.870803	0.300762	0.965166	0.279102	-1.123268	
-2.739709	-1.966268	0.506804	1.846234	-0.208457	1.906046	3.599448	-0.494956	-0.205596	
-2.154322	0.329906	-0.565815	1.577663	-0.240854	-0.339873	2.821216	-0.215752	-0.805957	
-1.469511	0.197929	0.335981	0.968069	-1.356616	-0.128454	1.932266	0.226156	0.003347	
1.044817	-0.724809	-0.880146	-0.956807	-1.293889	-0.837491	-1.354331	1.080062	1.371627	
0.404198	-0.326615	0.298000	-0.794455	-0.860163	1.039783	-0.493116	-0.503824	2.701832	
0.921973	0.084857	-0.116623	-0.485816	-0.856819	1.213102	-1.221136	0.280551	-0.624090	
-1.662123	-0.308580	-0.273359	1.209807	0.219496	-0.326607	2.177191	-0.279067	-0.583919	
-0.949616	0.699089	0.185939	0.779488	0.278088	1.912697	1.237475	0.156473	-0.785410	
1.210214	-2.564172	-0.483982	-0.828273	0.990296	0.100104	-1.589063	-0.508620	0.155983	
1.170781	-0.927302	1.877194	-1.065757	-1.686249	0.131422	-1.518074	0.170250	1.504226	
-0.944094	-0.356937	-0.882560	0.402842	1.054996	-0.182641	1.257308	-0.317769	1.123293	
0.729492	0.417892	-0.744280	-0.239961	0.464812	-0.852736	-0.976689	0.710057	-1.232861	
0.846901	-0.165576	1.730833	-0.403247	-0.035161	-0.172767	-1.124828	-0.398726	-0.793363	
-0.760282	-1.019041	1.001033	0.361750	-0.134505	0.172310	1.009802	-0.635749	0.713520	
-1.797700	-0.166779	0.730647	1.197826	-1.107633	-0.119386	2.362818	-0.347593	-0.065279	
0.117314	-0.197840	-0.426808	0.170878	-0.833210	0.624093	-0.172282	0.226893	-1.270128	
1.407124	1.732480	0.586398	-1.009068	-0.280716	0.826530	-1.844270	0.093912	0.416897	
-0.817983	2.063323	0.685102	0.738082	-0.521939	0.463965	1.061099	-1.294299	-1.017562	
-1.641925	-1.033608	0.603110	1.063637	-0.984878	-1.851373	2.160282	1.366369	0.095913	
-0.558087	-0.259783	-2.101653	0.042221	1.286474	1.755098	0.757470	-1.812616	1.666524	
0.436808	0.012643	-0.254779	-0.459258	-0.449751	0.653136	-0.561903	-0.973435	0.876597	
0.362982	-0.093541	-2.508757	-0.433890	0.193017	-0.005693	-0.463140	-0.033615	0.995820	
0.523777	-0.084244	-0.857203	-0.071932	0.914881	0.384146	-0.708554	-0.836191	-1.398753	
-0.143532	0.860747	0.346455	-0.233944	-0.061866	0.069563	0.212592	-0.350131	1.681285	
0.793393	-1.314429	-0.681356	-0.339280	-1.085748	-1.414219	-1.056556	-0.000876	-0.940195	
-0.219917	1.885930	0.769750	-0.152970	-1.179726	0.025154	0.310804	-1.680769	1.524596	
1.380036	0.228565	-0.188708	-0.912802	-0.487193	0.207273	-1.814348	-0.619327	0.015673	
0.506346	0.090314	1.212070	-0.552449	0.235134	0.174268	-0.649897	-0.856792	1.118898	
-1.749923	-0.559497	0.088247	1.271649	-1.243246	-0.447271	2.292349	-1.712638	-0.604199	
1.117985	1.682911	0.515160	-0.796140	0.560547	-0.500317	-1.465711	-0.083877	0.302666	
0.547453	0.438317	-0.195412	-0.078606	0.046058	0.615964	-0.740335	-0.321702	-1.444469	
0.439314	1.040925	-0.070612	-0.565155	0.588559	-0.715670	-0.557626	-0.283408	1.410030	
0.983771	0.710393	0.300165	-0.624099	-0.028227	0.623090	-1.295306	-0.011477	-0.124940	
0.189475	-1.446214	-0.035637	-0.318130	1.128760	-1.643867	-0.235101	0.098100	0.988751	
1.153586	-0.513938	0.734956	-1.065847	-0.762632	0.054179	-1.494635	-0.421991	1.562693	
1.247734	-1.034678	0.195773	-0.928739	0.790463	-1.075495	-1.632895	-1.969403	0.543514	
-0.229788	-0.481548	2.524915	0.363224	0.902139	-0.955917	0.286761	0.181752	-1.083516	
-0.554934	0.688292	-0.818287	0.508846	2.728238	-0.410280	0.719279	1.024672	-0.731876	
1.117343	0.287772	-0.518075	-0.676441	0.036419	0.491366	-1.473531	-1.257527	-0.307677	
0.170500	1.017483	0.689609	-0.402830	-0.018739	0.827997	-0.203089	-0.384967	1.486180	
0.553276	0.624174	0.585495	-0.069106	0.567636	-0.284526	-0.748960	0.309267	-1.512720	
0.791838	0.874561	0.202804	-1.043182	1.139407	-0.347104	-1.003308	-0.114228	2.666980	
1.228450	-0.787944	-0.416829	-0.803775	0.323108	0.133778	-1.615694	0.015381	-0.030894	
0.440048	1.203612	0.778081	0.085437	-0.547886	-0.099643	-0.605884	-0.374112	-1.921585	
0.513151	-1.277253	-0.265093	-0.031519	1.681566	-1.415445	-0.697009	0.037366	-1.569705	
-0.290741	-0.058980	-0.418599	0.408957	2.058593	-0.337392	0.366504	-0.116308	-1.111924	
0.801135	0.358976	-0.627432	-0.585216	1.117943	-0.241451	-1.049243	1.086079	0.292166	
-0.595552	0.303490	-0.242087	0.505668	-2.112537	1.101055	0.774861	0.227075	-0.578600	
0.364311	-0.977776	-0.636981	0.052685	-1.626358	-0.367474	-0.500294	0.788976	-1.498509	
-0.285422	-0.755471	0.466623	0.412611	-0.422177	0.435598	0.358990	0.843553	-1.148563	
-2.256332	-0.771043	0.567232	1.597531	0.524110	-0.041685	2.958789	-0.105768	-0.563517	
-1.931179	0.917437	0.935554	1.462305	-0.248084	1.357471	2.525507	-1.553997	-0.968378	
0.720921	0.608251	-0.902201	-0.284268	0.707846	-0.527852	-0.961790	-1.311443	-0.977227	
-0.057183	-0.211856	-0.564643	-0.178114	-1.255122	0.425710	0.090864	0.559985	1.104321	
1.141939	1.365115	0.665008	-0.737858	1.096373	-0.301133	-1.502588	-0.923715	-0.076372	
-1.638835	0.207682	0.601067	1.217354	0.692734	-1.346279	2.144907	-1.077166	-0.701091	
0.589283	-1.116764	-0.106749	-0.406751	0.550252	-0.563699	-0.773503	2.176630	0.093576	
0.419440	-1.550419	-0.192064	-0.600500	-1.164714	0.848159	-0.527975	1.344610	1.657937	
1.307238	-0.619467	0.943216	-0.956156	0.395789	1.452135	-1.711993	1.257586	0.483086	
1.062254	-1.735374	0.313226	-1.304359	-0.675562	-0.185906	-1.352848	-1.316601	3.091263	
-2.377376	-1.077070	-1.008732	1.711616	0.133795	1.295961	3.115456	0.347334	-0.738985	
-1.031907	0.265027	1.896101	0.536926	0.685151	0.650978	1.367237	-0.734993	0.733390	
0.360108	-0.194821	-1.668941	0.091357	-0.790292	1.380108	-0.497376	0.418353	-1.682221	
-0.240803	0.527795	0.702604	-0.141036	-0.163879	0.272712	0.338400	-0.751401	1.533986	
-1.349955	-1.236494	0.799762	1.037349	0.991279	1.237792	1.764309	-1.392765	-0.754459	
0.882655	-0.205365	-0.610853	-0.613185	0.422455	-1.432876	-1.158303	-1.705456	0.160297	
-0.441015	2.070006	-1.019191	0.058317	0.796813	0.073701	0.596760	-0.321127	1.189243	
-0.150832	-2.322162	-0.494700	0.288529	-2.185926	-0.557910	0.184590	1.548085	-0.967630	
-1.601033	0.551735	0.302079	1.048829	-0.075780	0.084779	2.105633	0.202528	0.033747	
-0.347739	-1.103493	0.198850	-0.078833	1.053277	-1.347795	0.479609	0.692267	1.576407	
-1.182838	0.468582	-1.353646	0.627563	1.296068	-2.309762	1.566334	-1.043102	0.778725	
-1.094385	0.523972	1.519649	0.917081	0.017644	0.376843	1.424765	0.351791	-1.001143	
0.992125	0.116383	-1.867268	-0.588855	0.145355	0.071707	-1.309251	-0.795109	-0.333472	
-1.841818	-0.825711	0.396311	1.328798	-0.217338	-2.290552	2.413428	0.456203	-0.586651	
-0.049125	-0.766081	-0.404537	0.332811	-2.096261	0.367546	0.042771	-0.471362	-1.537311	
-1.052000	-1.067971	-1.488156	0.853471	2.032515	-0.838507	1.371625	-0.343340	-0.818621	
1.037210	2.097480	1.720928	-0.646425	-0.230858	-0.374473	-1.366509	-1.502715	-0.190964	
-0.101756	-0.654275	0.827025	0.288777	1.116609	1.436808	0.117693	1.003799	-1.134447	
1.049090	-0.615019	-0.757350	-0.729692	-1.196363	0.990685	-1.376651	-0.039897	0.195046	
0.123307	1.733263	-0.015803	-0.209171	-0.346299	-0.590928	-0.152843	0.604228	0.654400	
-0.808965	-0.348198	-0.763952	0.808685	0.274959	0.513768	1.043681	-0.323151	-1.409267	
0.715756	-0.444124	0.154394	-0.297496	0.217230	0.284488	-0.953791	0.256087	-0.892117	
0.224920	0.507767	-0.292580	-0.363013	-0.411992	-1.785378	-0.280142	0.536586	1.098856	
0.690553	-1.622447	0.799772	-0.234777	1.717883	1.035421	-0.924002	-0.978849	-1.128038	
1.563509	0.233006	0.012953	-1.369767	-1.066294	-1.413036	-2.031184	-0.027930	1.735099	
0.132871	-0.520620	0.831699	-0.349290	-1.344799	1.245626	-0.155699	0.219581	1.339139	
0.731290	-0.176732	0.508572	-0.594160	1.683030	1.442597	-0.953412	0.671130	0.573537	
-1.476396	0.641733	1.285784	0.960064	-0.280231	-0.281715	1.942231	1.577704	0.067534	
1.767353	-1.017123	0.399971	-1.264801	1.050622	-0.329488	-2.316599	-0.331097	0.510362	
-0.706538	0.068166	1.867389	0.253725	0.080648	-0.556813	0.944408	-0.116171	1.085001	
-1.589905	1.019977	1.821003	1.014210	-0.604657	-0.468147	2.092982	-0.434130	0.173358	
-0.160696	-0.417327	-1.580743	0.276226	1.667037	2.109282	0.198925	-0.042081	-0.871402	
1.277679	-0.107899	0.136464	-1.513407	0.351691	0.869236	-1.631235	0.185554	3.434298	
0.780194	1.680335	1.093827	-0.730870	0.467138	-0.179876	-1.010126	-0.961908	1.108129	
-0.020830	0.075778	-0.381051	0.011922	-1.078819	-1.364712	0.027521	0.628848	0.009259	
1.493960	0.512162	-0.670621	-1.235483	-0.661845	-0.904835	-1.946160	-0.569523	1.282565	
-1.442832	0.532325	1.191417	0.896614	-1.618587	0.353781	1.901099	1.260309	0.278989	
0.861370	-0.150538	0.200428	-0.494293	-0.674723	1.020116	-1.137932	0.611315	-0.376280	
0.964599	-0.029273	1.134887	-0.551512	0.149479	0.027302	-1.274452	-2.091584	-0.431706	
-2.180946	-1.196222	1.115918	1.572360	0.246145	-1.360065	2.857884	-0.452019	-0.689014	
-2.868765	1.329289	0.199147	2.135467	-0.786919	-0.970528	3.754311	-0.284360	-1.250291	
-0.775333	-1.763134	0.817309	0.302855	-0.882211	-0.601518	1.034590	1.271238	1.065664	
0.455650	1.451830	1.130457	0.031534	-1.364690	0.441941	-0.623230	0.477591	-1.698386	
-0.328133	-1.244250	-1.540692	0.493248	-0.334022	0.261752	0.411337	-0.424012	-1.417120	
-0.742421	-0.202444	1.177545	0.274190	0.179344	-0.219194	0.991822	0.477187	1.101322	
0.462588	-0.250366	-1.029283	-0.375765	-0.914906	-0.006742	-0.603100	-1.162908	0.362396	
0.858590	-2.697551	-0.417310	-0.926327	0.756532	0.490874	-1.102763	-0.526865	1.843851	
-0.952312	0.626689	0.510844	0.749829	2.651053	1.732198	1.243302	0.056816	-0.624551	
0.906025	0.336939	-1.414500	-0.797258	-1.868617	0.784052	-1.176779	-0.035905	1.023386	
0.100311	0.935678	1.100395	-0.452105	-2.352882	-0.964937	-0.103860	1.413680	1.975089	
-0.296487	-0.777227	1.333186	0.315754	0.564955	-0.743966	0.381104	1.478173	-0.615614	
0.960968	-1.660443	1.203361	-0.499867	0.104175	1.573418	-1.273255	0.027784	-0.683730	
0.299725	0.358453	-0.953448	-0.405975	-1.963018	1.713515	-0.378963	-2.262811	1.066361	
-0.699451	0.025797	-1.006015	0.227464	2.243612	-0.493404	0.936659	-0.884097	1.195476	
0.243933	1.577630	-2.466714	-0.444365	-0.566910	-2.319576	-0.300144	0.390017	1.451006	
1.545877	-0.585027	1.079879	-1.037945	0.480866	0.073153	-2.031258	-0.122976	0.096618	
0.757554	-0.650483	-0.055478	-0.297963	-0.419435	-1.748444	-1.010718	1.291804	-1.030725	
1.454179	-1.477964	0.991387	-0.910778	0.370041	1.350349	-1.915534	-1.938441	-0.244790	
-0.343596	-0.818129	-0.509912	-0.068353	-0.182192	1.362321	0.473202	0.998756	1.508805	
0.015444	-1.493534	0.833868	-0.296982	-1.667865	0.214845	0.000525	0.029201	1.467587	
0.140823	-0.906508	-1.965653	0.149815	-0.833925	1.874216	-0.202790	-1.435053	-1.241650	
-0.212746	-1.865568	1.286270	-0.163940	0.261682	0.236231	0.301829	-0.152817	1.556541	
-1.037679	-1.219199	-0.612197	0.891370	1.181550	1.751364	1.349356	-0.251190	-1.060859	
-1.513420	-1.706567	-0.642964	0.920184	0.522215	-0.677697	1.995581	1.890182	0.396495	
-0.618447	0.573814	-0.692657	0.624206	-0.460385	1.524381	0.797452	0.090933	-1.107935	
-0.830973	1.014784	-1.585580	0.732755	0.449545	0.716947	1.079187	-0.342549	-0.946486	
0.366891	-2.438114	0.146309	0.128243	-1.570062	-0.683990	-0.509297	-0.034232	-1.893846	
-1.410056	-0.243819	1.219243	0.837581	-0.197129	-1.439493	1.860722	-0.324511	0.470508	
-1.736873	-1.051119	0.127232	1.315440	1.160385	-1.903836	2.271384	-0.354880	-0.872303	
0.802429	0.460638	-0.618547	-0.752714	-0.152449	0.571965	-1.038839	1.373014	1.144907	
0.785855	1.217137	1.198780	-0.329112	0.798268	-0.193564	-1.047022	1.346906	-0.966794	
0.806720	1.468511	-1.394851	-0.350182	-0.524504	-0.438964	-1.073925	-0.987751	-0.929362	
0.241991	0.071011	-0.793235	-0.533444	-0.151274	-0.011014	-0.291027	1.133474	1.913383	
0.764219	0.401750	1.621835	-0.270319	0.209454	-0.904551	-1.021808	0.673335	-1.194660	
0.373448	-1.008141	-1.225094	-0.539076	0.832016	-0.247880	-0.469761	2.758352	1.498766	
-1.164044	0.977105	0.278317	0.701020	1.969943	-0.599114	1.535387	1.229706	0.339440	
1.400689	1.510642	0.111183	-1.094384	0.040090	0.546325	-1.829303	1.007234	0.875173	
[0 1 0 1 0 0 0 1 0 0 0 0 1 1 0 1 0 0 0 0 1 1 0 1 0 1 1 0 0 1 1 1 1 1 1 0 1
 0 1 0 1 0 1 0 0 0 0 1 1 0 0 1 1 1 0 1 0 1 1 0 1 1 0 0 1 1 0 1 1 1 0 1 0 0
 0 1 1 1 1 0 1 1 1 0 0 1 1 1 0 1 0 0 1 0 0 1 0 0 0 1 0 0 1 1 1 0 1 1 1 0 1
 1 1 1 0 0 1 0 0 1 0 1 0 0 1 1 0 0 0 0 0 1 1 0 0 0 1 0 0 1 1 0 1 0 1 0 0 1
 0 0 1 1 1 0 0 0 1 0 0 0 0 0 1 0 0 0 1 0 0 0 1 0 1 0 0 0 1 1 0 0 1 1 1 1 0
 0 1 0 0 1 0 1 1 1 1 0 1 0 0 1 0 0 1 0 0 1 0 0 0 0 1 0 1 1 0 1 1 1 1 1 0 1
 1 1 0 1 0 1 1 0 0 0 1 0 1 1 0 1 0 0 0 0 1 0 1 0 1 1 0 1 1 0 0 1 1 0 0 0 0
 0 1 1 1 0 1 0 0 0 0 0 0 1 0 1 1 0 0 1 0 1 0 1 0 1 1 1 0 1 0 1 0 0 0 0 1 1
 0 0 1 1 0 1 0 1 0 0 0 0 1 0 0 0 0 1 1 1 1 0 1 1 0 1 0 1 1 1 0 0 0 0 0 0 0
 1 1 1 0 1 1 0 1 0 1 1 1 0 0 0 0 0 1 1 1 0 1 0 0 0 1 0 1 1 1 1 0 1 0 0 1 1
 1 1 0 0 1 0 0 0 0 0 0 1 1 0 1 1 0 0 1 1 1 1 0 0 0 0 0 0 0 0 0 1 0 1 1 0 0
 0 1 1 0 1 1 1 0 0 1 1 1 1 0 1 0 1 0 1 0 1 1 0 1 1 0 1 1 0 0 1 0 1 1 1 0 1
 0 0 0 1 0 0 0 0 0 1 1 1 0 0 1 0 0 1 0 0 1 0 1 0 1 0 1 0 0 1 0 1 0 0 1 0 1
 1 1 1 0 1 1 1 1 0 1 1 1 0 0 0 1 0 1 0 1 0 1 0 1 0 1 1 0 1 1 0 1 0 0 1 0 0
 1 0 0 1 0 0 1 1 1 0 1 0 1 1 1 0 1 0 0 0 0 0 0 1 1 1 0 0 1 0 1 1 1 0 1 0 1
 0 1 0 0 0 1 0 1 0 1 1 0 1 0 1 0 0 1 0 1 1 1 0 0 1 1 0 0 0 1 0 0 0 1 1 0 0
 1 1 1 1 1 0 0 1 0 1 0 1 1 1 1 1 1 0 0 1 1 1 0 0 1 1 0 0 1 1 0 0 0 1 0 0 0
 1 1 1 0 0 0 1 0 0 0 1 0 1 1 1 0 1 0 0 1 1 1 0 0 1 1 1 0 1 1 0 0 0 1 1 1 1
 1 1 1 1 0 0 0 0 0 1 1 0 1 1 0 0 0 0 0 1 1 1 1 1 1 1 0 1 0 1 0 0 0 0 0 1 1
 1 1 0 1 1 1 1 0 1 1 1 1 0 1 1 0 1 0 0 1 1 0 1 0 0 1 1 1 0 0 0 1 0 0 0 0 1
 0 0 0 0 1 0 1 1 0 1 1 1 1 1 0 1 0 0 1 1 1 0 0 0 1 1 1 0 1 1 0 0 1 0 0 0 0
 1 1 0 0 1 1 0 1 0 0 0 0 0 0 0 1 0 0 0 1 1 0 0 1 1 1 0 0 1 0 1 1 1 1 1 1 1
 1 0 0 0 1 1 1 0 0 0 0 1 0 0 1 0 1 1 1 0 0 1 1 0 1 0 0 0 1 0 0 0 1 0 1 1 1
 1 1 0 1 0 0 1 0 0 0 1 0 0 0 1 1 1 0 0 0 0 1 1 0 0 1 1 0 1 0 1 1 1 1 0 1 0
 1 1 1 1 1 0 1 0 1 1 1 0 0 0 1 0 1 1 0 0 0 1 0 0 0 0 0 0 1 0 0 1 1 1 1 0 1
 0 1 0 1 1 0 1 1 1 0 0 0 0 0 0 0 0 1 0 0 1 0 1 1 1 1 1 1 0 0 1 1 1 1 1 0 0
 1 1 1 0 0 1 1 1 0 1 1 0 0 1 1 1 1 0 1 1 1 0 1 0 1 0 0 0 1 0 1 0 0 1 0 1 1
 1]